Matrices Elementales
 ===============
elemento 0, fe =1.870063e+07
[[ 0.91152594 -0.29257186 -0.11177789  0.24632736 -0.79974805  0.0462445 ]
 [-0.29257186  0.53435889  0.29039946 -0.44746333  0.0021724  -0.08689556]
 [-0.11177789  0.29039946  0.31202984  0.03433469 -0.20025195 -0.32473415]
 [ 0.24632736 -0.44746333  0.03433469  0.88358675 -0.28066206 -0.43612342]
 [-0.79974805  0.0021724  -0.20025195 -0.28066206  1.          0.27848966]
 [ 0.0462445  -0.08689556 -0.32473415 -0.43612342  0.27848966  0.52301897]]

elemento 1, fe =2.679634e+07
[[ 0.41325191  0.14374762 -0.30163273  0.03443737 -0.11161918 -0.17818499]
 [ 0.14374762  0.26171874  0.06519441  0.09783576 -0.20894203 -0.3595545 ]
 [-0.30163273  0.06519441  0.54064264 -0.26078112 -0.23900991  0.19558672]
 [ 0.03443737  0.09783576 -0.26078112  0.54260974  0.22634375 -0.6404455 ]
 [-0.11161918 -0.20894203 -0.23900991  0.22634375  0.35062909 -0.01740172]
 [-0.17818499 -0.3595545   0.19558672 -0.6404455  -0.01740172  1.        ]]

elemento 2, fe =2.739366e+07
[[ 0.44037367 -0.23501312  0.11966838 -0.03251221 -0.56004206  0.26752533]
 [-0.23501312  0.5752072  -0.00242584 -0.27720679  0.23743896 -0.29800041]
 [ 0.11966838 -0.00242584  0.32028956  0.16143397 -0.43995794 -0.15900813]
 [-0.03251221 -0.27720679  0.16143397  0.35390755 -0.12892176 -0.07670076]
 [-0.56004206  0.23743896 -0.43995794 -0.12892176  1.         -0.1085172 ]
 [ 0.26752533 -0.29800041 -0.15900813 -0.07670076 -0.1085172   0.37470117]]

elemento 3, fe =1.697626e+07
[[ 0.99645642 -0.10069527 -0.18251225  0.30435088 -0.81394417 -0.20365561]
 [-0.10069527  0.37007555  0.35289962 -0.20024586 -0.25220435 -0.16982968]
 [-0.18251225  0.35289962  0.36457978 -0.08354084 -0.18206753 -0.26935878]
 [ 0.30435088 -0.20024586 -0.08354084  1.         -0.22081004 -0.79975414]
 [-0.81394417 -0.25220435 -0.18206753 -0.22081004  0.9960117   0.47301439]
 [-0.20365561 -0.16982968 -0.26935878 -0.79975414  0.47301439  0.96958382]]

elemento 4, fe =2.375746e+07
[[ 1.          0.29703085 -0.61838846 -0.01133705 -0.38161154 -0.2856938 ]
 [ 0.29703085  0.54904356  0.0233542  -0.06130422 -0.32038505 -0.48773934]
 [-0.61838846  0.0233542   0.55089182 -0.17106313  0.06749664  0.14770894]
 [-0.01133705 -0.06130422 -0.17106313  0.31371963  0.18240018 -0.25241541]
 [-0.38161154 -0.32038505  0.06749664  0.18240018  0.3141149   0.13798487]
 [-0.2856938  -0.48773934  0.14770894 -0.25241541  0.13798487  0.74015475]]

elemento 5, fe =3.218678e+07
[[ 0.36562351  0.1652928  -0.17344685  0.00334208 -0.19217666 -0.16863488]
 [ 0.1652928   0.32591315  0.02894811  0.15794581 -0.19424091 -0.48385896]
 [-0.17344685  0.02894811  0.33334143 -0.1660166  -0.15989458  0.13706849]
 [ 0.00334208  0.15794581 -0.1660166   0.35819522  0.16267452 -0.51614104]
 [-0.19217666 -0.19424091 -0.15989458  0.16267452  0.35207123  0.03156639]
 [-0.16863488 -0.48385896  0.13706849 -0.51614104  0.03156639  1.        ]]

elemento 6, fe =1.868480e+07
[[ 0.39989813 -0.16937971 -0.04281507 -0.18650279 -0.35708306  0.3558825 ]
 [-0.16937971  0.9605023  -0.14239337 -0.60727342  0.31177307 -0.35322888]
 [-0.04281507 -0.14239337  0.68573201  0.32565994 -0.64291694 -0.18326657]
 [-0.18650279 -0.60727342  0.32565994  0.667537   -0.13915714 -0.06026358]
 [-0.35708306  0.31177307 -0.64291694 -0.13915714  1.         -0.17261593]
 [ 0.3558825  -0.35322888 -0.18326657 -0.06026358 -0.17261593  0.41349246]]

elemento 7, fe =2.471278e+07
[[ 0.19595403 -0.07272698  0.00464776 -0.17822161 -0.20060178  0.2509486 ]
 [-0.07272698  0.49532979 -0.14487142 -0.32244919  0.2175984  -0.1728806 ]
 [ 0.00464776 -0.14487142  0.79475046  0.28730282 -0.79939822 -0.1424314 ]
 [-0.17822161 -0.32244919  0.28730282  0.52426976 -0.1090812  -0.20182057]
 [-0.20060178  0.2175984  -0.79939822 -0.1090812   1.         -0.1085172 ]
 [ 0.2509486  -0.1728806  -0.1424314  -0.20182057 -0.1085172   0.37470117]]

elemento 8, fe =1.882090e+07
[[ 1.         -0.17733691 -0.35795971  0.31098353 -0.64204029 -0.13364661]
 [-0.17733691  0.41711236  0.35477398 -0.35898232 -0.17743706 -0.05813004]
 [-0.35795971  0.35477398  0.39659964 -0.16798261 -0.03863993 -0.18679137]
 [ 0.31098353 -0.35898232 -0.16798261  0.95257975 -0.14300092 -0.59359743]
 [-0.64204029 -0.17743706 -0.03863993 -0.14300092  0.68068021  0.32043798]
 [-0.13364661 -0.05813004 -0.18679137 -0.59359743  0.32043798  0.65172747]]

elemento 9, fe =3.823448e+07
[[ 0.43115461  0.15890354 -0.04478193  0.07661924 -0.38637269 -0.23552277]
 [ 0.15890354  0.29058815  0.09817506  0.18431884 -0.2570786  -0.47490699]
 [-0.04478193  0.09817506  0.15552872 -0.07547568 -0.11074679 -0.02269938]
 [ 0.07661924  0.18431884 -0.07547568  0.34077417 -0.00114355 -0.52509301]
 [-0.38637269 -0.2570786  -0.11074679 -0.00114355  0.49711948  0.25822215]
 [-0.23552277 -0.47490699 -0.02269938 -0.52509301  0.25822215  1.        ]]

elemento 10, fe =2.445846e+07
[[ 0.57272631  0.10223692 -0.28274031  0.1398238  -0.28998601 -0.24206072]
 [ 0.10223692  0.23941571  0.17352076  0.04421748 -0.27575768 -0.28363319]
 [-0.28274031  0.17352076  0.41714515 -0.22915443 -0.13440484  0.05563367]
 [ 0.1398238   0.04421748 -0.22915443  0.67214933  0.08933063 -0.71636681]
 [-0.28998601 -0.27575768 -0.13440484  0.08933063  0.42439085  0.18642705]
 [-0.24206072 -0.28363319  0.05563367 -0.71636681  0.18642705  1.        ]]

elemento 11, fe =2.427817e+07
[[ 0.42114839  0.13208446 -0.42747901  0.03011856  0.00633062 -0.16220302]
 [ 0.13208446  0.24189624  0.06406576  0.04193213 -0.19615022 -0.28382838]
 [-0.42747901  0.06406576  0.81699469 -0.35183352 -0.38951568  0.28776776]
 [ 0.03011856  0.04193213 -0.35183352  0.67423949  0.32171496 -0.71617162]
 [ 0.00633062 -0.19615022 -0.38951568  0.32171496  0.38318506 -0.12556474]
 [-0.16220302 -0.28382838  0.28776776 -0.71617162 -0.12556474  1.        ]]

elemento 12, fe =2.215394e+07
[[ 0.40333354 -0.15853344  0.02084326 -0.19572938 -0.4241768   0.35426281]
 [-0.15853344  1.         -0.15852715 -0.34313348  0.31706059 -0.65686652]
 [ 0.02084326 -0.15852715  0.48147547  0.17094066 -0.50231873 -0.0124135 ]
 [-0.19572938 -0.34313348  0.17094066  0.31150135  0.02478872  0.03163213]
 [-0.4241768   0.31706059 -0.50231873  0.02478872  0.92649554 -0.34184931]
 [ 0.35426281 -0.65686652 -0.0124135   0.03163213 -0.34184931  0.62523439]]

elemento 13, fe =2.140086e+07
[[ 0.65661326 -0.26212079 -0.15341908  0.21395613 -0.50319418  0.04816467]
 [-0.26212079  0.48746719  0.25246746 -0.52898957  0.00965333  0.04152238]
 [-0.15341908  0.25246746  0.35207123  0.03156639 -0.19865215 -0.28403386]
 [ 0.21395613 -0.52898957  0.03156639  1.         -0.24552252 -0.47101043]
 [-0.50319418  0.00965333 -0.19865215 -0.24552252  0.70184634  0.23586919]
 [ 0.04816467  0.04152238 -0.28403386 -0.47101043  0.23586919  0.42948806]]

elemento 14, fe =2.501517e+07
[[ 0.44529061 -0.24461586  0.09629925 -0.07069623 -0.54158987  0.31531208]
 [-0.24461586  0.71750034 -0.03774919 -0.33350847  0.28236505 -0.38399187]
 [ 0.09629925 -0.03774919  0.36211088  0.17546934 -0.45841013 -0.13772015]
 [-0.07069623 -0.33350847  0.17546934  0.3668276  -0.10477312 -0.03331913]
 [-0.54158987  0.28236505 -0.45841013 -0.10477312  1.         -0.17759193]
 [ 0.31531208 -0.38399187 -0.13772015 -0.03331913 -0.17759193  0.417311  ]]

elemento 15, fe =2.937082e+07
[[ 0.39805184 -0.21866831  0.13843002 -0.08938384 -0.53648186  0.30805215]
 [-0.21866831  0.63640954 -0.0613228  -0.19488775  0.27999111 -0.44152179]
 [ 0.13843002 -0.0613228   0.32508812  0.12617489 -0.46351814 -0.06485209]
 [-0.08938384 -0.19488775  0.12617489  0.2329008  -0.03679105 -0.03801305]
 [-0.53648186  0.27999111 -0.46351814 -0.03679105  1.         -0.24320006]
 [ 0.30805215 -0.44152179 -0.06485209 -0.03801305 -0.24320006  0.47953484]]

elemento 16, fe =2.402215e+07
[[ 0.40421979  0.17347904 -0.39057506 -0.04556667 -0.01364472 -0.12791238]
 [ 0.17347904  0.33188112 -0.01125766  0.07688049 -0.16222138 -0.40876161]
 [-0.39057506 -0.01125766  0.78507771 -0.28202568 -0.39450264  0.29328335]
 [-0.04556667  0.07688049 -0.28202568  0.5143579   0.32759235 -0.59123839]
 [-0.01364472 -0.16222138 -0.39450264  0.32759235  0.40814737 -0.16537097]
 [-0.12791238 -0.40876161  0.29328335 -0.59123839 -0.16537097  1.        ]]

elemento 17, fe =2.576026e+07
[[ 0.1847185  -0.05111256  0.01877967 -0.20084757 -0.20349817  0.25196014]
 [-0.05111256  0.4962478  -0.16885349 -0.18857733  0.21996605 -0.30767047]
 [ 0.01877967 -0.16885349  0.77772217  0.17761356 -0.79650183 -0.00876007]
 [-0.20084757 -0.18857733  0.17761356  0.36044171  0.02323401 -0.17186438]
 [-0.20349817  0.21996605 -0.79650183  0.02323401  1.         -0.24320006]
 [ 0.25196014 -0.30767047 -0.00876007 -0.17186438 -0.24320006  0.47953484]]

elemento 18, fe =2.844353e+07
[[ 0.29103206 -0.15841806  0.12548683 -0.10819383 -0.41651889  0.26661189]
 [-0.15841806  0.51589054 -0.07921797 -0.20341614  0.23763603 -0.3124744 ]
 [ 0.12548683 -0.07921797  0.45799428  0.16849295 -0.58348111 -0.08927498]
 [-0.10819383 -0.20341614  0.16849295  0.30805411 -0.06029912 -0.10463796]
 [-0.41651889  0.23763603 -0.58348111 -0.06029912  1.         -0.17733691]
 [ 0.26661189 -0.3124744  -0.08927498 -0.10463796 -0.17733691  0.41711236]]

elemento 19, fe =2.678315e+07
[[ 0.6074544  -0.3292488   0.08166431 -0.0270698  -0.68911871  0.35631861]
 [-0.3292488   0.85006407  0.00370238 -0.33605175  0.32554642 -0.51401232]
 [ 0.08166431  0.00370238  0.22921698  0.12109737 -0.31088129 -0.12479975]
 [-0.0270698  -0.33605175  0.12109737  0.28880245 -0.09402757  0.0472493 ]
 [-0.68911871  0.32554642 -0.31088129 -0.09402757  1.         -0.23151885]
 [ 0.35631861 -0.51401232 -0.12479975  0.0472493  -0.23151885  0.46676302]]

elemento 20, fe =2.884973e+07
[[ 0.61132807 -0.24592393  0.09370431  0.07447733 -0.70503238  0.17144659]
 [-0.24592393  0.45842547  0.10304522 -0.24002303  0.1428787  -0.21840244]
 [ 0.09370431  0.10304522  0.20126332  0.10817448 -0.29496762 -0.2112197 ]
 [ 0.07447733 -0.24002303  0.10817448  0.3749104  -0.18265181 -0.13488737]
 [-0.70503238  0.1428787  -0.29496762 -0.18265181  1.          0.03977311]
 [ 0.17144659 -0.21840244 -0.2112197  -0.13488737  0.03977311  0.3532898 ]]

elemento 21, fe =3.039631e+07
[[ 0.3391839   0.10013366 -0.20936399  0.07326554 -0.12981991 -0.1733992 ]
 [ 0.10013366  0.18532943  0.10037987  0.10173019 -0.20051353 -0.28705962]
 [-0.20936399  0.10037987  0.4326841  -0.23492076 -0.22332011  0.13454088]
 [ 0.07326554  0.10173019 -0.23492076  0.61121018  0.16165522 -0.71294038]
 [-0.12981991 -0.20051353 -0.22332011  0.16165522  0.35314002  0.03885831]
 [-0.1733992  -0.28705962  0.13454088 -0.71294038  0.03885831  1.        ]]

elemento 22, fe =1.906663e+07
[[ 0.76192639 -0.08282218 -0.07459491  0.26190966 -0.68733148 -0.17908748]
 [-0.08282218  0.28555917  0.30513574 -0.15482253 -0.22231356 -0.13073664]
 [-0.07459491  0.30513574  0.35062909 -0.01740172 -0.27603419 -0.28773401]
 [ 0.26190966 -0.15482253 -0.01740172  1.         -0.24450793 -0.84517747]
 [-0.68733148 -0.22231356 -0.27603419 -0.24450793  0.96336567  0.46682149]
 [-0.17908748 -0.13073664 -0.28773401 -0.84517747  0.46682149  0.97591411]]

elemento 23, fe =2.112604e+07
[[ 0.74282705  0.01559087 -0.18413303  0.23002412 -0.55869403 -0.24561498]
 [ 0.01559087  0.26066935  0.26903644 -0.04250716 -0.28462731 -0.21816219]
 [-0.18413303  0.26903644  0.33248597 -0.13068624 -0.14835295 -0.1383502 ]
 [ 0.23002412 -0.04250716 -0.13068624  0.82434496 -0.09933788 -0.78183781]
 [-0.55869403 -0.28462731 -0.14835295 -0.09933788  0.70704698  0.38396518]
 [-0.24561498 -0.21816219 -0.1383502  -0.78183781  0.38396518  1.        ]]

elemento 24, fe =2.407802e+07
[[ 0.20080457  0.08406993 -0.19176404 -0.24145089 -0.00904054  0.15738096]
 [ 0.08406993  0.4849818  -0.2072215  -0.07621933  0.12315157 -0.40876247]
 [-0.19176404 -0.2072215   1.          0.00980704 -0.80823596  0.19741446]
 [-0.24145089 -0.07621933  0.00980704  0.35019977  0.23164384 -0.27398044]
 [-0.00904054  0.12315157 -0.80823596  0.23164384  0.8172765  -0.35479542]
 [ 0.15738096 -0.40876247  0.19741446 -0.27398044 -0.35479542  0.68274291]]

elemento 25, fe =2.516743e+07
[[ 0.37501545 -0.10919844 -0.0818188  -0.17304765 -0.29319665  0.28224609]
 [-0.10919844  1.         -0.14029993 -0.47563589  0.24949837 -0.52436411]
 [-0.0818188  -0.14029993  0.41820188  0.19013808 -0.33638307 -0.04983815]
 [-0.17304765 -0.47563589  0.19013808  0.37636735 -0.01709043  0.09926854]
 [-0.29319665  0.24949837 -0.33638307 -0.01709043  0.62957972 -0.23240794]
 [ 0.28224609 -0.52436411 -0.04983815  0.09926854 -0.23240794  0.42509557]]

elemento 26, fe =2.643514e+07
[[ 0.54738128 -0.29719424  0.09394398 -0.03572222 -0.64132526  0.33291646]
 [-0.29719424  0.77323158 -0.00454494 -0.32433273  0.30173918 -0.44889885]
 [ 0.09394398 -0.00454494  0.26473076  0.13682163 -0.35867474 -0.13227669]
 [-0.03572222 -0.32433273  0.13682163  0.31203447 -0.10109941  0.01229826]
 [-0.64132526  0.30173918 -0.35867474 -0.10109941  1.         -0.20063977]
 [ 0.33291646 -0.44889885 -0.13227669  0.01229826 -0.20063977  0.43660059]]

elemento 27, fe =2.263780e+07
[[ 0.36557075 -0.08631608 -0.01882802 -0.22743079 -0.34674272  0.31374687]
 [-0.08631608  1.         -0.19102373 -0.28360017  0.27733981 -0.71639983]
 [-0.01882802 -0.19102373  0.50857708  0.14163346 -0.48974906  0.04939027]
 [-0.22743079 -0.28360017  0.14163346  0.26599546  0.08579734  0.0176047 ]
 [-0.34674272  0.27733981 -0.48974906  0.08579734  0.83649179 -0.36313714]
 [ 0.31374687 -0.71639983  0.04939027  0.0176047  -0.36313714  0.69879513]]

elemento 28, fe =2.920377e+07
[[ 1.          0.00980704 -0.28958531  0.16646014 -0.71041469 -0.17626718]
 [ 0.00980704  0.35019977  0.19468169 -0.09393992 -0.20448874 -0.25625985]
 [-0.28958531  0.19468169  0.19536354 -0.10649731  0.09422178 -0.08818439]
 [ 0.16646014 -0.09393992 -0.10649731  0.34359986 -0.05996283 -0.24965994]
 [-0.71041469 -0.20448874  0.09422178 -0.05996283  0.61619291  0.26445157]
 [-0.17626718 -0.25625985 -0.08818439 -0.24965994  0.26445157  0.50591979]]

elemento 29, fe =2.204518e+07
[[ 0.67213447  0.11959296 -0.40410176  0.13931312 -0.26803271 -0.25890609]
 [ 0.11959296  0.28066649  0.17669888  0.01086264 -0.29629184 -0.29152913]
 [-0.40410176  0.17669888  0.53408285 -0.28502266 -0.12998109  0.10832378]
 [ 0.13931312  0.01086264 -0.28502266  0.69760823  0.14570954 -0.70847087]
 [-0.26803271 -0.29629184 -0.12998109  0.14570954  0.39801379  0.1505823 ]
 [-0.25890609 -0.29152913  0.10832378 -0.70847087  0.1505823   1.        ]]

elemento 30, fe =2.473444e+07
[[ 0.23885319 -0.09677726  0.04995966 -0.18316147 -0.28881285  0.27993873]
 [-0.09677726  0.58521312 -0.14984049 -0.24211618  0.24661775 -0.34309694]
 [ 0.04995966 -0.14984049  0.66122749  0.19826036 -0.71118715 -0.04841988]
 [-0.18316147 -0.24211618  0.19826036  0.36578225 -0.01509889 -0.12366608]
 [-0.28881285  0.24661775 -0.71118715 -0.01509889  1.         -0.23151885]
 [ 0.27993873 -0.34309694 -0.04841988 -0.12366608 -0.23151885  0.46676302]]

elemento 31, fe =2.688224e+07
[[ 0.6724782  -0.28959842  0.06296994  0.08128094 -0.73544814  0.20831749]
 [-0.28959842  0.55497466  0.11193968 -0.30451373  0.17765874 -0.25046093]
 [ 0.06296994  0.11193968  0.20158192  0.10490288 -0.26455186 -0.21684256]
 [ 0.08128094 -0.30451373  0.10490288  0.40420376 -0.18618381 -0.09969002]
 [-0.73544814  0.17765874 -0.26455186 -0.18618381  1.          0.00852507]
 [ 0.20831749 -0.25046093 -0.21684256 -0.09969002  0.00852507  0.35015095]]

elemento 32, fe =2.178950e+07
[[ 1.         -0.15802954 -0.20267276  0.24858274 -0.79732724 -0.0905532 ]
 [-0.15802954  0.40298757  0.2864072  -0.24306391 -0.12837766 -0.15992366]
 [-0.20267276  0.2864072   0.24137279 -0.07028386 -0.03870003 -0.21612334]
 [ 0.24858274 -0.24306391 -0.07028386  0.64363425 -0.17829888 -0.40057034]
 [-0.79732724 -0.12837766 -0.03870003 -0.17829888  0.83602726  0.30667654]
 [-0.0905532  -0.15992366 -0.21612334 -0.40057034  0.30667654  0.560494  ]]

elemento 33, fe =1.857616e+07
[[ 0.32790535 -0.03540719 -0.09916949 -0.29423759 -0.22873586  0.32964478]
 [-0.03540719  0.92885358 -0.24987019 -0.4102675   0.28527738 -0.51858608]
 [-0.09916949 -0.24987019  0.87043363  0.25854564 -0.77126414 -0.00867545]
 [-0.29423759 -0.4102675   0.25854564  0.47790597  0.03569195 -0.06763848]
 [-0.22873586  0.28527738 -0.77126414  0.03569195  1.         -0.32096932]
 [ 0.32964478 -0.51858608 -0.00867545 -0.06763848 -0.32096932  0.58622455]]

elemento 34, fe =2.414452e+07
[[ 0.28632544  0.140175   -0.35099372 -0.28956065  0.06466828  0.14938565]
 [ 0.140175    0.62197756 -0.25542553 -0.31124792  0.11525054 -0.31072964]
 [-0.35099372 -0.25542553  1.          0.17850921 -0.64900628  0.07691632]
 [-0.28956065 -0.31124792  0.17850921  0.41802813  0.11105143 -0.10678021]
 [ 0.06466828  0.11525054 -0.64900628  0.11105143  0.584338   -0.22630197]
 [ 0.14938565 -0.31072964  0.07691632 -0.10678021 -0.22630197  0.41750984]]

elemento 35, fe =2.832720e+07
[[ 0.17929085  0.06783189 -0.24653476 -0.2449393   0.06724391  0.17710741]
 [ 0.06783189  0.45046391 -0.21584445 -0.32220786  0.14801256 -0.12825605]
 [-0.24653476 -0.21584445  1.          0.25526857 -0.75346524 -0.03942412]
 [-0.2449393  -0.32220786  0.25526857  0.49355645 -0.01032927 -0.17134859]
 [ 0.06724391  0.14801256 -0.75346524 -0.01032927  0.68622133 -0.13768329]
 [ 0.17710741 -0.12825605 -0.03942412 -0.17134859 -0.13768329  0.29960464]]

elemento 36, fe =2.050381e+07
[[ 0.40448156 -0.22196394  0.01774883 -0.04193051 -0.42223039  0.26389445]
 [-0.22196394  0.67208254 -0.00173429 -0.56607852  0.22369823 -0.10600402]
 [ 0.01774883 -0.00173429  0.56002077  0.30540185 -0.57776961 -0.30366756]
 [-0.04193051 -0.56607852  0.30540185  0.8133643  -0.26347134 -0.24728578]
 [-0.42223039  0.22369823 -0.57776961 -0.26347134  1.          0.03977311]
 [ 0.26389445 -0.10600402 -0.30366756 -0.24728578  0.03977311  0.3532898 ]]

elemento 37, fe =1.963149e+07
[[ 0.36200279  0.18803757 -0.33948571 -0.28615228 -0.02251708  0.09811471]
 [ 0.18803757  0.72820078 -0.24416995 -0.09411216  0.05613238 -0.63408862]
 [-0.33948571 -0.24416995  1.         -0.02210136 -0.66051429  0.26627131]
 [-0.28615228 -0.09411216 -0.02210136  0.35101493  0.30825364 -0.25690277]
 [-0.02251708  0.05613238 -0.66051429  0.30825364  0.68303137 -0.36438601]
 [ 0.09811471 -0.63408862  0.26627131 -0.25690277 -0.36438601  0.89099139]]

elemento 38, fe =3.048472e+07
[[ 0.21444665 -0.11310252  0.12039145 -0.12617595 -0.3348381   0.23927847]
 [-0.11310252  0.4190852  -0.09914025 -0.14971786  0.21224277 -0.26936734]
 [ 0.12039145 -0.09914025  0.54477045  0.16082679 -0.6651619  -0.06168654]
 [-0.12617595 -0.14971786  0.16082679  0.29766152 -0.03465084 -0.14794366]
 [-0.3348381   0.21224277 -0.6651619  -0.03465084  1.         -0.17759193]
 [ 0.23927847 -0.26936734 -0.06168654 -0.14794366 -0.17759193  0.417311  ]]

elemento 39, fe =2.659484e+07
[[ 0.38847516  0.04476625 -0.34958381  0.14117413 -0.03889135 -0.18594038]
 [ 0.04476625  0.14680101  0.17216419 -0.03568288 -0.21693045 -0.11111813]
 [-0.34958381  0.17216419  0.66069247 -0.35810458 -0.31110865  0.18594038]
 [ 0.14117413 -0.03568288 -0.35810458  0.92456474  0.21693045 -0.88888187]
 [-0.03889135 -0.21693045 -0.31110865  0.21693045  0.35        0.        ]
 [-0.18594038 -0.11111813  0.18594038 -0.88888187  0.          1.        ]]

elemento 40, fe =1.903353e+07
[[ 0.8375      0.28145826 -0.6625     -0.02165064 -0.175      -0.25980762]
 [ 0.28145826  0.5125      0.02165064 -0.0125     -0.30310889 -0.5       ]
 [-0.6625      0.02165064  0.8375     -0.28145826 -0.175       0.25980762]
 [-0.02165064 -0.0125     -0.28145826  0.5125      0.30310889 -0.5       ]
 [-0.175      -0.30310889 -0.175       0.30310889  0.35        0.        ]
 [-0.25980762 -0.5         0.25980762 -0.5         0.          1.        ]]

elemento 41, fe =2.027608e+07
[[ 0.71917829  0.21563615 -0.57635126  0.02824998 -0.14282703 -0.24388613]
 [ 0.21563615  0.39783987  0.06889767  0.01023736 -0.28453382 -0.40807723]
 [-0.57635126  0.06889767  0.78352423 -0.3127838  -0.20717297  0.24388613]
 [ 0.02824998  0.01023736 -0.3127838   0.5816854   0.28453382 -0.59192277]
 [-0.14282703 -0.28453382 -0.20717297  0.28453382  0.35        0.        ]
 [-0.24388613 -0.40807723  0.24388613 -0.59192277  0.          1.        ]]

elemento 42, fe =2.644207e+07
[[ 0.36978342  0.16239264 -0.48349928 -0.10619746  0.11371586 -0.05619517]
 [ 0.16239264  0.31447987 -0.07502836 -0.04160998 -0.08736428 -0.27286989]
 [-0.48349928 -0.07502836  1.         -0.20219967 -0.51650072  0.27722802]
 [-0.10619746 -0.04160998 -0.20219967  0.4380034   0.30839713 -0.39639342]
 [ 0.11371586 -0.08736428 -0.51650072  0.30839713  0.40278485 -0.22103285]
 [-0.05619517 -0.27286989  0.27722802 -0.39639342 -0.22103285  0.66926331]]

elemento 43, fe =2.184120e+07
[[ 0.35683666 -0.05729528 -0.09473165 -0.23822321 -0.26210501  0.29551849]
 [-0.05729528  1.         -0.2004883  -0.42906611  0.25778358 -0.57093389]
 [-0.09473165 -0.2004883   0.58380586  0.21020594 -0.48907421 -0.00971764]
 [-0.23822321 -0.42906611  0.21020594  0.38344697  0.02801727  0.04561914]
 [-0.26210501  0.25778358 -0.48907421  0.02801727  0.75117921 -0.28580085]
 [ 0.29551849 -0.57093389 -0.00971764  0.04561914 -0.28580085  0.52531475]]

elemento 44, fe =2.147038e+07
[[ 0.54188466 -0.28908656  0.03741649  0.02038004 -0.57930115  0.26870652]
 [-0.28908656  0.70687026  0.05876669 -0.50411486  0.23031987 -0.2027554 ]
 [ 0.03741649  0.05876669  0.38328236  0.20993983 -0.42069885 -0.26870652]
 [ 0.02038004 -0.50411486  0.20993983  0.65135946 -0.23031987 -0.1472446 ]
 [-0.57930115  0.23031987 -0.42069885 -0.23031987  1.          0.        ]
 [ 0.26870652 -0.2027554  -0.26870652 -0.1472446   0.          0.35      ]]

elemento 45, fe =1.895105e+07
[[ 0.356403   -0.17112319 -0.0537264  -0.13330489 -0.3026766   0.30442808]
 [-0.17112319  0.7886071  -0.08981516 -0.68267029  0.26093836 -0.10593681]
 [-0.0537264  -0.08981516  0.75104979  0.39424324 -0.6973234  -0.30442808]
 [-0.13330489 -0.68267029  0.39424324  0.92673347 -0.26093836 -0.24406319]
 [-0.3026766   0.26093836 -0.6973234  -0.26093836  1.          0.        ]
 [ 0.30442808 -0.10593681 -0.30442808 -0.24406319  0.          0.35      ]]

elemento 46, fe =1.909452e+07
[[ 0.76058655  0.40252603 -0.58560146 -0.25626719 -0.17498509 -0.14625884]
 [ 0.40252603  0.96398456 -0.21310424 -0.12543883 -0.18942179 -0.83854573]
 [-0.58560146 -0.21310424  0.79380143 -0.05871934 -0.20819997  0.27182358]
 [-0.25626719 -0.12543883 -0.05871934  0.2868931   0.31498653 -0.16145427]
 [-0.17498509 -0.18942179 -0.20819997  0.31498653  0.38318506 -0.12556474]
 [-0.14625884 -0.83854573  0.27182358 -0.16145427 -0.12556474  1.        ]]

elemento 47, fe =2.235904e+07
[[ 0.6305102   0.23893521 -0.45599305 -0.0177694  -0.17451715 -0.22116581]
 [ 0.23893521  0.43884466  0.01909157  0.05977576 -0.25802678 -0.49862042]
 [-0.45599305  0.01909157  0.63147591 -0.24025738 -0.17548285  0.22116581]
 [-0.0177694   0.05977576 -0.24025738  0.44160382  0.25802678 -0.50137958]
 [-0.17451715 -0.25802678 -0.17548285  0.25802678  0.35        0.        ]
 [-0.22116581 -0.49862042  0.22116581 -0.50137958  0.          1.        ]]

elemento 48, fe =1.918525e+07
[[ 0.33910313  0.061035   -0.28414537 -0.33644203 -0.05495775  0.27540702]
 [ 0.061035    0.94540213 -0.2934832  -0.58341499  0.23244819 -0.36198713]
 [-0.28414537 -0.2934832   1.          0.34784502 -0.71585463 -0.05436182]
 [-0.33644203 -0.58341499  0.34784502  0.63331525 -0.01140299 -0.04990026]
 [-0.05495775  0.23244819 -0.71585463 -0.01140299  0.77081238 -0.2210452 ]
 [ 0.27540702 -0.36198713 -0.05436182 -0.04990026 -0.2210452   0.41188739]]

elemento 49, fe =1.798136e+07
[[ 0.68645548 -0.37450938 -0.07641538  0.05366437 -0.6100401   0.32084501]
 [-0.37450938  1.          0.09949937 -0.78648596  0.27501001 -0.21351404]
 [-0.07641538  0.09949937  0.43696634  0.22134564 -0.36055096 -0.32084501]
 [ 0.05366437 -0.78648596  0.22134564  0.9126788  -0.27501001 -0.12619284]
 [-0.6100401   0.27501001 -0.36055096 -0.27501001  0.97059106  0.        ]
 [ 0.32084501 -0.21351404 -0.32084501 -0.12619284  0.          0.33970687]]

elemento 50, fe =2.036181e+07
[[ 0.75934185  0.28683483 -0.568553   -0.04397547 -0.19078885 -0.24285936]
 [ 0.28683483  0.52651525 -0.00349891  0.01859574 -0.28333592 -0.54511099]
 [-0.568553   -0.00349891  0.72776416 -0.23936045 -0.15921115  0.24285936]
 [-0.04397547  0.01859574 -0.23936045  0.43629328  0.28333592 -0.45488901]
 [-0.19078885 -0.28333592 -0.15921115  0.28333592  0.35        0.        ]
 [-0.24285936 -0.54511099  0.24285936 -0.45488901  0.          1.        ]]

elemento 51, fe =2.480121e+07
[[ 0.59896576  0.2895583  -0.36437349 -0.09017064 -0.23459226 -0.19938766]
 [ 0.2895583   0.60385778 -0.05693936  0.06640582 -0.23261894 -0.6702636 ]
 [-0.36437349 -0.05693936  0.47978123 -0.1424483  -0.11540774  0.19938766]
 [-0.09017064  0.06640582 -0.1424483   0.26333058  0.23261894 -0.3297364 ]
 [-0.23459226 -0.23261894 -0.11540774  0.23261894  0.35        0.        ]
 [-0.19938766 -0.6702636   0.19938766 -0.3297364   0.          1.        ]]

elemento 52, fe =2.175616e+07
[[ 0.40830311 -0.22427316  0.04710029 -0.04090376 -0.4554034   0.26517692]
 [-0.22427316  0.64661831 -0.00302134 -0.48722711  0.2272945  -0.15939119]
 [ 0.04710029 -0.00302134  0.49749631  0.26819826 -0.5445966  -0.26517692]
 [-0.04090376 -0.48722711  0.26819826  0.67783592 -0.2272945  -0.19060881]
 [-0.4554034   0.2272945  -0.5445966  -0.2272945   1.          0.        ]
 [ 0.26517692 -0.15939119 -0.26517692 -0.19060881  0.          0.35      ]]

elemento 53, fe =2.086865e+07
[[ 0.71139406  0.25670763 -0.53639406 -0.01974674 -0.175      -0.23696089]
 [ 0.25670763  0.46836292  0.01974674  0.03163708 -0.27645438 -0.5       ]
 [-0.53639406  0.01974674  0.71139406 -0.25670763 -0.175       0.23696089]
 [-0.01974674  0.03163708 -0.25670763  0.46836292  0.27645438 -0.5       ]
 [-0.175      -0.27645438 -0.175       0.27645438  0.35        0.        ]
 [-0.23696089 -0.5         0.23696089 -0.5         0.          1.        ]]

elemento 54, fe =2.316588e+07
[[ 0.33271596  0.18146823 -0.39435175 -0.20524325  0.06163579  0.02377502]
 [ 0.18146823  0.48369944 -0.1696661  -0.0493888  -0.01180212 -0.43431064]
 [-0.39435175 -0.1696661   1.         -0.10105336 -0.60564825  0.27071947]
 [-0.20524325 -0.0493888  -0.10105336  0.3713916   0.30629661 -0.32200281]
 [ 0.06163579 -0.01180212 -0.60564825  0.30629661  0.54401246 -0.29449449]
 [ 0.02377502 -0.43431064  0.27071947 -0.32200281 -0.29449449  0.75631345]]

elemento 55, fe =2.068873e+07
[[ 0.72453186  0.26223226 -0.54730693 -0.02321061 -0.17722493 -0.23902165]
 [ 0.26223226  0.47857483  0.01662634  0.02778211 -0.2788586  -0.50635694]
 [-0.54730693  0.01662634  0.72008201 -0.25564799 -0.17277507  0.23902165]
 [-0.02321061  0.02778211 -0.25564799  0.46586095  0.2788586  -0.49364306]
 [-0.17722493 -0.2788586  -0.17277507  0.2788586   0.35        0.        ]
 [-0.23902165 -0.50635694  0.23902165 -0.49364306  0.          1.        ]]

elemento 56, fe =3.550317e+07
[[ 0.20390688 -0.10087762  0.15450819 -0.15364288 -0.35841507  0.2545205 ]
 [-0.10087762  0.43810079 -0.13042873  0.02188199  0.23130635 -0.45998278]
 [ 0.15450819 -0.13042873  0.48707674  0.02571641 -0.64158493  0.10471233]
 [-0.15364288  0.02188199  0.02571641  0.17330337  0.12792647 -0.19518536]
 [-0.35841507  0.23130635 -0.64158493  0.12792647  1.         -0.35923283]
 [ 0.2545205  -0.45998278  0.10471233 -0.19518536 -0.35923283  0.65516814]]

elemento 57, fe =2.186064e+07
[[ 0.3512405   0.19054163 -0.39018667 -0.19188997  0.03894618  0.00134834]
 [ 0.19054163  0.49383158 -0.15418862  0.00362365 -0.03635301 -0.49745523]
 [-0.39018667 -0.15418862  1.         -0.15802954 -0.60981333  0.31221816]
 [-0.19188997  0.00362365 -0.15802954  0.40298757  0.34991951 -0.40661123]
 [ 0.03894618 -0.03635301 -0.60981333  0.34991951  0.57086715 -0.31356651]
 [ 0.00134834 -0.49745523  0.31221816 -0.40661123 -0.31356651  0.90406645]]

elemento 58, fe =1.992779e+07
[[ 0.31016505 -0.04363917 -0.04427811 -0.2743107  -0.26588693  0.31794987]
 [-0.04363917  0.87321752 -0.23295258 -0.28176915  0.27659175 -0.59144837]
 [-0.04427811 -0.23295258  0.77839118  0.18193218 -0.73411307  0.0510204 ]
 [-0.2743107  -0.28176915  0.18193218  0.36515878  0.09237852 -0.08338963]
 [-0.26588693  0.27659175 -0.73411307  0.09237852  1.         -0.36897027]
 [ 0.31794987 -0.59144837  0.0510204  -0.08338963 -0.36897027  0.67483799]]

elemento 59, fe =2.189094e+07
[[ 0.44844442 -0.24471962  0.05155558 -0.01882459 -0.5         0.26354421]
 [-0.24471962  0.65448407  0.01882459 -0.47948407  0.22589503 -0.175     ]
 [ 0.05155558  0.01882459  0.44844442  0.24471962 -0.5        -0.26354421]
 [-0.01882459 -0.47948407  0.24471962  0.65448407 -0.22589503 -0.175     ]
 [-0.5         0.22589503 -0.5        -0.22589503  1.          0.        ]
 [ 0.26354421 -0.175      -0.26354421 -0.175       0.          0.35      ]]

elemento 60, fe =2.142225e+07
[[ 0.39595887 -0.21728291  0.03847882 -0.05202726 -0.43443769  0.26931017]
 [-0.21728291  0.65812268 -0.01355438 -0.50606948  0.23083729 -0.15205319]
 [ 0.03847882 -0.01355438  0.52708349  0.28286455 -0.56556231 -0.26931017]
 [-0.05202726 -0.50606948  0.28286455  0.70401629 -0.23083729 -0.19794681]
 [-0.43443769  0.23083729 -0.56556231 -0.23083729  1.          0.        ]
 [ 0.26931017 -0.15205319 -0.26931017 -0.19794681  0.          0.35      ]]

elemento 61, fe =2.170112e+07
[[ 0.36457978 -0.08354084 -0.07434779 -0.22631268 -0.29023199  0.30985352]
 [-0.08354084  1.         -0.18833419 -0.43889484  0.27187503 -0.56110516]
 [-0.07434779 -0.18833419  0.56903549  0.21494824 -0.49468769 -0.02661405]
 [-0.22631268 -0.43889484  0.21494824  0.39455992  0.01136444  0.04433492]
 [-0.29023199  0.27187503 -0.49468769  0.01136444  0.78491968 -0.28323947]
 [ 0.30985352 -0.56110516 -0.02661405  0.04433492 -0.28323947  0.51677023]]

elemento 62, fe =2.691418e+07
[[ 0.46267315  0.14677575 -0.27646731  0.05948669 -0.18620584 -0.20626245]
 [ 0.14677575  0.26841625  0.09010905  0.10190007 -0.23688481 -0.37031632]
 [-0.27646731  0.09010905  0.44894813 -0.23181167 -0.17248082  0.14170261]
 [ 0.05948669  0.10190007 -0.23181167  0.5277836   0.17232497 -0.62968368]
 [-0.18620584 -0.23688481 -0.17248082  0.17232497  0.35868665  0.06455983]
 [-0.20626245 -0.37031632  0.14170261 -0.62968368  0.06455983  1.        ]]

elemento 63, fe =2.121272e+07
[[ 0.4394779  -0.22457575  0.03816331 -0.13162494 -0.4776412   0.35620069]
 [-0.22457575  0.90694952 -0.09277203 -0.45730211  0.31734778 -0.44964741]
 [ 0.03816331 -0.09277203  0.48419549  0.22794055 -0.5223588  -0.13516852]
 [-0.13162494 -0.45730211  0.22794055  0.46360023 -0.09631562 -0.00629811]
 [-0.4776412   0.31734778 -0.5223588  -0.09631562  1.         -0.22103216]
 [ 0.35620069 -0.44964741 -0.13516852 -0.00629811 -0.22103216  0.45594552]]

elemento 64, fe =2.086865e+07
[[ 0.71139404  0.25670763 -0.53639404 -0.01974674 -0.175      -0.23696089]
 [ 0.25670763  0.46836292  0.01974674  0.03163708 -0.27645437 -0.5       ]
 [-0.53639404  0.01974674  0.71139404 -0.25670763 -0.175       0.23696089]
 [-0.01974674  0.03163708 -0.25670763  0.46836292  0.27645437 -0.5       ]
 [-0.175      -0.27645437 -0.175       0.27645437  0.35        0.        ]
 [-0.23696089 -0.5         0.23696089 -0.5         0.          1.        ]]

elemento 65, fe =2.028417e+07
[[ 0.76722363 -0.08578512 -0.31148961  0.27308886 -0.45573402 -0.18730374]
 [-0.08578512  0.2886605   0.31372033 -0.23985873 -0.2279352  -0.04880177]
 [-0.31148961  0.31372033  0.42771631 -0.1904181  -0.1162267  -0.12330223]
 [ 0.27308886 -0.23985873 -0.1904181   1.         -0.08267076 -0.76014127]
 [-0.45573402 -0.2279352  -0.1162267  -0.08267076  0.57196073  0.31060596]
 [-0.18730374 -0.04880177 -0.12330223 -0.76014127  0.31060596  0.80894304]]

elemento 66, fe =2.100241e+07
[[ 0.37253145 -0.10368693 -0.04315652 -0.22751997 -0.32937492  0.3312069 ]
 [-0.10368693  1.         -0.18827801 -0.41074717  0.29196494 -0.58925283]
 [-0.04315652 -0.18827801  0.5837168   0.2106351  -0.54056028 -0.02235709]
 [-0.22751997 -0.41074717  0.2106351   0.38430361  0.01688486  0.02644355]
 [-0.32937492  0.29196494 -0.54056028  0.01688486  0.8699352  -0.3088498 ]
 [ 0.3312069  -0.58925283 -0.02235709  0.02644355 -0.3088498   0.56280928]]

elemento 67, fe =2.069891e+07
[[ 0.7225947   0.26017844 -0.54667133 -0.02127428 -0.17592337 -0.23890417]
 [ 0.26017844  0.47460427  0.01854309  0.02803393 -0.27872153 -0.50263819]
 [-0.54667133  0.01854309  0.72074797 -0.25744725 -0.17407663  0.23890417]
 [-0.02127428  0.02803393 -0.25744725  0.46932788  0.27872153 -0.49736181]
 [-0.17592337 -0.27872153 -0.17407663  0.27872153  0.35        0.        ]
 [-0.23890417 -0.50263819  0.23890417 -0.49736181  0.          1.        ]]

elemento 68, fe =4.016530e+07
[[ 0.19565557 -0.09863004  0.1740849  -0.04500715 -0.36974047  0.1436372 ]
 [-0.09863004  0.21626939 -0.02448756 -0.08686023  0.1231176  -0.12940916]
 [ 0.1740849  -0.02448756  0.45617463  0.16812475 -0.63025953 -0.1436372 ]
 [-0.04500715 -0.08686023  0.16812475  0.30745106 -0.1231176  -0.22059084]
 [-0.36974047  0.1231176  -0.63025953 -0.1231176   1.          0.        ]
 [ 0.1436372  -0.12940916 -0.1436372  -0.22059084  0.          0.35      ]]

elemento 69, fe =2.594453e+07
[[ 0.52800201 -0.27263066  0.09386892  0.00614202 -0.62187093  0.26648864]
 [-0.27263066  0.62071938  0.03790887 -0.3325184   0.23472179 -0.28820097]
 [ 0.09386892  0.03790887  0.28426015  0.15460744 -0.37812907 -0.19251631]
 [ 0.00614202 -0.3325184   0.15460744  0.40573414 -0.16074947 -0.07321574]
 [-0.62187093  0.23472179 -0.37812907 -0.16074947  1.         -0.07397233]
 [ 0.26648864 -0.28820097 -0.19251631 -0.07321574 -0.07397233  0.36141671]]

elemento 70, fe =2.008468e+07
[[ 0.85916396 -0.40344442 -0.0695935   0.15058779 -0.78957047  0.25285663]
 [-0.40344442  0.81877973  0.19162283 -0.58658934  0.21182159 -0.23219039]
 [-0.0695935   0.19162283  0.28002303  0.10377309 -0.21042953 -0.29539592]
 [ 0.15058779 -0.58658934  0.10377309  0.70816298 -0.25436088 -0.12157364]
 [-0.78957047  0.21182159 -0.21042953 -0.25436088  1.          0.04253929]
 [ 0.25285663 -0.23219039 -0.29539592 -0.12157364  0.04253929  0.35376403]]

elemento 71, fe =2.143140e+07
[[ 0.61677377  0.1341835  -0.52283292  0.09655528 -0.09394085 -0.23073878]
 [ 0.1341835   0.2790858   0.13501174 -0.01068338 -0.26919524 -0.26840242]
 [-0.52283292  0.13501174  0.77889208 -0.36575052 -0.25605915  0.23073878]
 [ 0.09655528 -0.01068338 -0.36575052  0.74228095  0.26919524 -0.73159758]
 [-0.09394085 -0.26919524 -0.25605915  0.26919524  0.35        0.        ]
 [-0.23073878 -0.26840242  0.23073878 -0.73159758  0.          1.        ]]

elemento 72, fe =2.086866e+07
[[ 0.71139389  0.2567076  -0.53639389 -0.01974674 -0.175      -0.23696086]
 [ 0.2567076   0.46836286  0.01974674  0.03163714 -0.27645434 -0.5       ]
 [-0.53639389  0.01974674  0.71139389 -0.2567076  -0.175       0.23696086]
 [-0.01974674  0.03163714 -0.2567076   0.46836286  0.27645434 -0.5       ]
 [-0.175      -0.27645434 -0.175       0.27645434  0.35        0.        ]
 [-0.23696086 -0.5         0.23696086 -0.5         0.          1.        ]]

elemento 73, fe =2.086865e+07
[[ 0.71139402  0.25670763 -0.53639402 -0.01974674 -0.175      -0.23696089]
 [ 0.25670763  0.46836291  0.01974674  0.03163709 -0.27645437 -0.5       ]
 [-0.53639402  0.01974674  0.71139402 -0.25670763 -0.175       0.23696089]
 [-0.01974674  0.03163709 -0.25670763  0.46836291  0.27645437 -0.5       ]
 [-0.175      -0.27645437 -0.175       0.27645437  0.35        0.        ]
 [-0.23696089 -0.5         0.23696089 -0.5         0.          1.        ]]

elemento 74, fe =2.758288e+07
[[ 0.59530995  0.0927484  -0.06736334  0.16081035 -0.52794661 -0.25355874]
 [ 0.0927484   0.23899918  0.19069033  0.09864755 -0.28343872 -0.33764674]
 [-0.06736334  0.19069033  0.21758696 -0.07367439 -0.15022363 -0.11701593]
 [ 0.16081035  0.09864755 -0.07367439  0.56370571 -0.08713595 -0.66235326]
 [-0.52794661 -0.28343872 -0.15022363 -0.08713595  0.67817024  0.37057468]
 [-0.25355874 -0.33764674 -0.11701593 -0.66235326  0.37057468  1.        ]]

elemento 75, fe =2.291903e+07
[[ 0.37417619 -0.16658219  0.06529602 -0.18399172 -0.43947221  0.35057391]
 [-0.16658219  0.87482328 -0.14803139 -0.27959286  0.31461358 -0.59523042]
 [ 0.06529602 -0.14803139  0.49523177  0.16253574 -0.56052779 -0.01450435]
 [-0.18399172 -0.27959286  0.16253574  0.29630274  0.02145598 -0.01670988]
 [-0.43947221  0.31461358 -0.56052779  0.02145598  1.         -0.33606956]
 [ 0.35057391 -0.59523042 -0.01450435 -0.01670988 -0.33606956  0.6119403 ]]

elemento 76, fe =2.143842e+07
[[ 0.36657339 -0.08903386 -0.06377696 -0.22786707 -0.30279642  0.31690093]
 [-0.08903386  1.         -0.1894232  -0.42608859  0.27845706 -0.57391141]
 [-0.06377696 -0.1894232   0.57554061  0.21238888 -0.51176364 -0.02296568]
 [-0.22786707 -0.42608859  0.21238888  0.38846185  0.01547819  0.03762673]
 [-0.30279642  0.27845706 -0.51176364  0.01547819  0.81456006 -0.29393525]
 [ 0.31690093 -0.57391141 -0.02296568  0.03762673 -0.29393525  0.53628468]]

elemento 77, fe =2.133858e+07
[[ 1.00000000e+00 -1.59301220e-01 -5.86842613e-01  3.14440021e-01
  -4.13157387e-01 -1.55138802e-01]
 [-1.59301220e-01  4.03863008e-01  3.53063770e-01 -4.03129900e-01
  -1.93762550e-01 -7.33108328e-04]
 [-5.86842613e-01  3.53063770e-01  5.53235406e-01 -3.03588594e-01
   3.36072071e-02 -4.94751758e-02]
 [ 3.14440021e-01 -4.03129900e-01 -3.03588594e-01  9.19531777e-01
  -1.08514272e-02 -5.16401878e-01]
 [-4.13157387e-01 -1.93762550e-01  3.36072071e-02 -1.08514272e-02
   3.79550180e-01  2.04613978e-01]
 [-1.55138802e-01 -7.33108328e-04 -4.94751758e-02 -5.16401878e-01
   2.04613978e-01  5.17134986e-01]]

elemento 78, fe =1.855506e+07
[[ 0.82684203  0.11495703 -0.69919125  0.15989818 -0.12765078 -0.27485522]
 [ 0.11495703  0.3231387   0.20431603 -0.10651356 -0.31927306 -0.21662514]
 [-0.69919125  0.20431603  0.92530451 -0.43663195 -0.22611326  0.23231593]
 [ 0.15989818 -0.10651356 -0.43663195  0.88988842  0.27673377 -0.78337486]
 [-0.12765078 -0.31927306 -0.22611326  0.27673377  0.35376403  0.04253929]
 [-0.27485522 -0.21662514  0.23231593 -0.78337486  0.04253929  1.        ]]

elemento 79, fe =2.166344e+07
[[ 0.83049297 -0.39189236 -0.03811766  0.12558047 -0.7923753   0.26631189]
 [-0.39189236  0.79870579  0.16362503 -0.52137444  0.22826733 -0.27733136]
 [-0.03811766  0.16362503  0.24574236  0.10268686 -0.2076247  -0.26631189]
 [ 0.12558047 -0.52137444  0.10268686  0.59404308 -0.22826733 -0.07266864]
 [-0.7923753   0.22826733 -0.2076247  -0.22826733  1.          0.        ]
 [ 0.26631189 -0.27733136 -0.26631189 -0.07266864  0.          0.35      ]]

elemento 80, fe =2.351464e+07
[[ 0.33682196  0.18075883 -0.406001   -0.18672361  0.06917903  0.00596478]
 [ 0.18075883  0.44988727 -0.15167414 -0.03442812 -0.02908469 -0.41545915]
 [-0.406001   -0.15167414  1.         -0.12875942 -0.593999    0.28043357]
 [-0.18672361 -0.03442812 -0.12875942  0.38491965  0.31548304 -0.35049153]
 [ 0.06917903 -0.02908469 -0.593999    0.31548304  0.52481997 -0.28639835]
 [ 0.00596478 -0.41545915  0.28043357 -0.35049153 -0.28639835  0.76595067]]

elemento 81, fe =2.022223e+07
[[ 0.86059976 -0.28265247 -0.28441861  0.28538961 -0.57618115 -0.00273715]
 [-0.28265247  0.51525089  0.32614554 -0.53169962 -0.04349308  0.01644873]
 [-0.28441861  0.32614554  0.36421152 -0.08248514 -0.07979291 -0.2436604 ]
 [ 0.28538961 -0.53169962 -0.08248514  1.         -0.20290447 -0.46830038]
 [-0.57618115 -0.04349308 -0.07979291 -0.20290447  0.65597407  0.24639755]
 [-0.00273715  0.01644873 -0.2436604  -0.46830038  0.24639755  0.45185165]]

elemento 82, fe =2.086865e+07
[[ 0.71139418  0.25670766 -0.53639418 -0.01974674 -0.175      -0.23696092]
 [ 0.25670766  0.46836296  0.01974674  0.03163704 -0.2764544  -0.5       ]
 [-0.53639418  0.01974674  0.71139418 -0.25670766 -0.175       0.23696092]
 [-0.01974674  0.03163704 -0.25670766  0.46836296  0.2764544  -0.5       ]
 [-0.175      -0.2764544  -0.175       0.2764544   0.35        0.        ]
 [-0.23696092 -0.5         0.23696092 -0.5         0.          1.        ]]

elemento 83, fe =2.696502e+07
[[ 0.41475661  0.13612368 -0.29485105  0.04726406 -0.11990556 -0.18338774]
 [ 0.13612368  0.24815354  0.07782868  0.09443378 -0.21395236 -0.34258732]
 [-0.29485105  0.07782868  0.52494548 -0.26121642 -0.23009444  0.18338774]
 [ 0.04726406  0.09443378 -0.26121642  0.5629789   0.21395236 -0.65741268]
 [-0.11990556 -0.21395236 -0.23009444  0.21395236  0.35        0.        ]
 [-0.18338774 -0.34258732  0.18338774 -0.65741268  0.          1.        ]]

elemento 84, fe =2.150069e+07
[[ 0.67474019  0.24843026 -0.50025372 -0.01843511 -0.17448647 -0.22999514]
 [ 0.24843026  0.45424847  0.01989741  0.04428431 -0.26832767 -0.49853278]
 [-0.50025372  0.01989741  0.67576724 -0.24989255 -0.17551353  0.22999514]
 [-0.01843511  0.04428431 -0.24989255  0.45718291  0.26832767 -0.50146722]
 [-0.17448647 -0.26832767 -0.17551353  0.26832767  0.35        0.        ]
 [-0.22999514 -0.49853278  0.22999514 -0.50146722  0.          1.        ]]

elemento 85, fe =1.868640e+07
[[ 0.7967528  -0.22152331 -0.07259138  0.24538798 -0.72416141 -0.02386467]
 [-0.22152331  0.41622873  0.28949362 -0.36901804 -0.06797031 -0.04721069]
 [-0.07259138  0.28949362  0.34842997  0.04814237 -0.27583859 -0.33763599]
 [ 0.24538798 -0.36901804  0.04814237  0.98147323 -0.29353035 -0.61245519]
 [-0.72416141 -0.06797031 -0.27583859 -0.29353035  1.          0.36150066]
 [-0.02386467 -0.04721069 -0.33763599 -0.61245519  0.36150066  0.65966588]]

elemento 86, fe =2.215299e+07
[[ 0.42799006 -0.23406478  0.05596521 -0.02636194 -0.48395527  0.26042672]
 [-0.23406478  0.63562405  0.01084188 -0.4662397   0.2232229  -0.16938434]
 [ 0.05596521  0.01084188  0.46007953  0.24958484 -0.51604473 -0.26042672]
 [-0.02636194 -0.4662397   0.24958484  0.64685536 -0.2232229  -0.18061566]
 [-0.48395527  0.2232229  -0.51604473 -0.2232229   1.          0.        ]
 [ 0.26042672 -0.16938434 -0.26042672 -0.18061566  0.          0.35      ]]

elemento 87, fe =2.157888e+07
[[ 0.37614593 -0.11161316 -0.03711723 -0.21701066 -0.3390287   0.32862382]
 [-0.11161316  1.         -0.17881703 -0.40467229  0.2904302  -0.59532771]
 [-0.03711723 -0.17881703  0.54660466  0.20125248 -0.50948743 -0.02243545]
 [-0.21701066 -0.40467229  0.20125248  0.36798509  0.01575818  0.0366872 ]
 [-0.3390287   0.2904302  -0.50948743  0.01575818  0.84851614 -0.30618838]
 [ 0.32862382 -0.59532771 -0.02243545  0.0366872  -0.30618838  0.55864051]]

elemento 88, fe =2.053785e+07
[[ 0.74007557  0.2731064  -0.55684766 -0.03232874 -0.18322791 -0.24077766]
 [ 0.2731064   0.49951493  0.00780087  0.02399338 -0.28090727 -0.52350831]
 [-0.55684766  0.00780087  0.72361976 -0.24857853 -0.16677209  0.24077766]
 [-0.03232874  0.02399338 -0.24857853  0.45249832  0.28090727 -0.47649169]
 [-0.18322791 -0.28090727 -0.16677209  0.28090727  0.35        0.        ]
 [-0.24077766 -0.52350831  0.24077766 -0.47649169  0.          1.        ]]

elemento 89, fe =2.353780e+07
[[ 0.83701744 -0.26343979 -0.02131496  0.17574176 -0.81570248  0.08769803]
 [-0.26343979  0.48223439  0.21075675 -0.30983345  0.05268304 -0.17240094]
 [-0.02131496  0.21075675  0.20561248  0.05487139 -0.18429752 -0.26562814]
 [ 0.17574176 -0.30983345  0.05487139  0.55500743 -0.23061315 -0.24517397]
 [-0.81570248  0.05268304 -0.18429752 -0.23061315  1.          0.17793011]
 [ 0.08769803 -0.17240094 -0.26562814 -0.24517397  0.17793011  0.41757491]]

elemento 90, fe =2.327478e+07
[[ 1.          0.03914707 -0.62463762  0.18742617 -0.37536238 -0.22657323]
 [ 0.03914707  0.35318692  0.22283684 -0.18318579 -0.26198391 -0.17000113]
 [-0.62463762  0.22283684  0.56572038 -0.278412    0.05891724  0.05557516]
 [ 0.18742617 -0.18318579 -0.278412    0.59205267  0.09098583 -0.40886688]
 [-0.37536238 -0.26198391  0.05891724  0.09098583  0.31644515  0.17099807]
 [-0.22657323 -0.17000113  0.05557516 -0.40886688  0.17099807  0.57886802]]

elemento 91, fe =3.097163e+07
[[ 0.55786982  0.0294541   0.11942772  0.16516877 -0.67729755 -0.19462287]
 [ 0.0294541   0.19849176  0.19177944  0.08042707 -0.22123354 -0.27891883]
 [ 0.11942772  0.19177944  0.20327473  0.06568241 -0.32270245 -0.25746185]
 [ 0.16516877  0.08042707  0.06568241  0.53204412 -0.23085119 -0.61247119]
 [-0.67729755 -0.22123354 -0.32270245 -0.23085119  1.          0.45208472]
 [-0.19462287 -0.27891883 -0.25746185 -0.61247119  0.45208472  0.89139002]]

elemento 92, fe =1.925469e+07
[[ 0.82768488  0.28962207 -0.64551652 -0.03279864 -0.18216836 -0.25682343]
 [ 0.28962207  0.5274049   0.01000526 -0.00692387 -0.29962733 -0.52048104]
 [-0.64551652  0.01000526  0.81334816 -0.26682869 -0.16783164  0.25682343]
 [-0.03279864 -0.00692387 -0.26682869  0.48644283  0.29962733 -0.47951896]
 [-0.18216836 -0.29962733 -0.16783164  0.29962733  0.35        0.        ]
 [-0.25682343 -0.52048104  0.25682343 -0.47951896  0.          1.        ]]

elemento 93, fe =2.094183e+07
[[ 1.         -0.14209813 -0.67014915  0.32265385 -0.32985085 -0.18055572]
 [-0.14209813  0.39266296  0.36200935 -0.41413598 -0.21991121  0.02147302]
 [-0.67014915  0.36200935  0.66593954 -0.36419769  0.00420961  0.00218835]
 [ 0.32265385 -0.41413598 -0.36419769  0.98901172  0.04154384 -0.57487574]
 [-0.32985085 -0.21991121  0.00420961  0.04154384  0.32564124  0.17836737]
 [-0.18055572  0.02147302  0.00218835 -0.57487574  0.17836737  0.55340272]]

elemento 94, fe =1.870757e+07
[[ 0.65287563 -0.32997091 -0.03550343  0.10813519 -0.6173722   0.22183572]
 [-0.32997091  0.72620913  0.15219093 -0.64068096  0.17777998 -0.08552817]
 [-0.03550343  0.15219093  0.41813123  0.19717181 -0.3826278  -0.34936275]
 [ 0.10813519 -0.64068096  0.19717181  0.93939784 -0.305307   -0.29871688]
 [-0.6173722   0.17777998 -0.3826278  -0.305307    1.          0.12752703]
 [ 0.22183572 -0.08552817 -0.34936275 -0.29871688  0.12752703  0.38424505]]

elemento 95, fe =2.416824e+07
[[ 0.26759361 -0.14350515  0.05611127 -0.09520611 -0.32370489  0.23871126]
 [-0.14350515  0.50184259 -0.06110451 -0.38854588  0.20460965 -0.11329671]
 [ 0.05611127 -0.06110451  0.62018384  0.29981577 -0.67629511 -0.23871126]
 [-0.09520611 -0.38854588  0.29981577  0.62524916 -0.20460965 -0.23670329]
 [-0.32370489  0.20460965 -0.67629511 -0.20460965  1.          0.        ]
 [ 0.23871126 -0.11329671 -0.23871126 -0.23670329  0.          0.35      ]]

elemento 96, fe =2.017864e+07
[[ 0.45397265  0.24806569 -0.46948946 -0.24964323  0.01551681  0.00157754]
 [ 0.24806569  0.6694081  -0.20879925 -0.08968891 -0.03926644 -0.57971919]
 [-0.46948946 -0.20879925  1.         -0.07232106 -0.53051054  0.2811203 ]
 [-0.24964323 -0.08968891 -0.07232106  0.36091048  0.32196428 -0.27122157]
 [ 0.01551681 -0.03926644 -0.53051054  0.32196428  0.51499373 -0.28269784]
 [ 0.00157754 -0.57971919  0.2811203  -0.27122157 -0.28269784  0.85094076]]

elemento 97, fe =1.853227e+07
[[ 0.32033237  0.11551052 -0.20842335 -0.31547073 -0.11190902  0.19996022]
 [ 0.11551052  0.81661608 -0.27099826 -0.09834108  0.15548775 -0.718275  ]
 [-0.20842335 -0.27099826  1.          0.02098856 -0.79157665  0.25000971]
 [-0.31547073 -0.09834108  0.02098856  0.35091526  0.29448218 -0.25257418]
 [-0.11190902  0.15548775 -0.79157665  0.29448218  0.90348567 -0.44996993]
 [ 0.19996022 -0.718275    0.25000971 -0.25257418 -0.44996993  0.97084918]]

elemento 98, fe =1.823059e+07
[[ 0.8600998   0.37301556 -0.75760675 -0.17080023 -0.10249305 -0.20221533]
 [ 0.37301556  0.71742882 -0.12559184 -0.10256509 -0.24742372 -0.61486373]
 [-0.75760675 -0.12559184  1.         -0.17261593 -0.24239325  0.29820777]
 [-0.17080023 -0.10256509 -0.17261593  0.41349246  0.34341616 -0.31092737]
 [-0.10249305 -0.24742372 -0.24239325  0.34341616  0.3448863  -0.09599244]
 [-0.20221533 -0.61486373  0.29820777 -0.31092737 -0.09599244  0.92579111]]

elemento 99, fe =1.751851e+07
[[ 0.46101622 -0.23407731 -0.07223524 -0.10358964 -0.38878099  0.33766696]
 [-0.23407731  0.95990116 -0.05654365 -0.79535917  0.29062096 -0.164542  ]
 [-0.07223524 -0.05654365  0.68345425  0.37210925 -0.61121901 -0.3155656 ]
 [-0.10358964 -0.79535917  0.37210925  0.9818321  -0.26851961 -0.18647293]
 [-0.38878099  0.29062096 -0.61121901 -0.26851961  1.         -0.02210136]
 [ 0.33766696 -0.164542   -0.3155656  -0.18647293 -0.02210136  0.35101493]]

elemento 100, fe =2.062741e+07
[[ 0.35721483 -0.05885413 -0.09238123 -0.25251147 -0.26483359  0.31136561]
 [-0.05885413  1.         -0.21255611 -0.43635582  0.27141024 -0.56364418]
 [-0.09238123 -0.21255611  0.64956615  0.22729507 -0.55718492 -0.01473896]
 [-0.25251147 -0.43635582  0.22729507  0.41390677  0.0252164   0.02244905]
 [-0.26483359  0.27141024 -0.55718492  0.0252164   0.82201851 -0.29662665]
 [ 0.31136561 -0.56364418 -0.01473896  0.02244905 -0.29662665  0.54119513]]

elemento 101, fe =2.765553e+07
[[ 0.2498566   0.08073401 -0.07114287 -0.19454614 -0.17871373  0.11381213]
 [ 0.08073401  0.65396585 -0.16474466  0.07378954  0.08401065 -0.72775539]
 [-0.07114287 -0.16474466  0.51789406 -0.06504006 -0.44675119  0.22978472]
 [-0.19454614  0.07378954 -0.06504006  0.19845507  0.2595862  -0.27224461]
 [-0.17871373  0.08401065 -0.44675119  0.2595862   0.62546492 -0.34359684]
 [ 0.11381213 -0.72775539  0.22978472 -0.27224461 -0.34359684  1.        ]]

elemento 102, fe =2.654075e+07
[[ 0.61647313 -0.17361774 -0.37895443  0.26450165 -0.23751871 -0.09088391]
 [-0.17361774  0.32504559  0.29555487 -0.4359395  -0.12193713  0.11089391]
 [-0.37895443  0.29555487  0.45193989 -0.21699423 -0.07298546 -0.07856064]
 [ 0.26450165 -0.4359395  -0.21699423  1.         -0.04750742 -0.5640605 ]
 [-0.23751871 -0.12193713 -0.07298546 -0.04750742  0.31050417  0.16944455]
 [-0.09088391  0.11089391 -0.07856064 -0.5640605   0.16944455  0.45316659]]

elemento 103, fe =2.089443e+07
[[ 0.7559215  -0.37615165 -0.02237053  0.10003832 -0.73355096  0.27611332]
 [-0.37615165  0.81068961  0.13948308 -0.55394678  0.23666856 -0.25674284]
 [-0.02237053  0.13948308  0.28881957  0.13663024 -0.26644904 -0.27611332]
 [ 0.10003832 -0.55394678  0.13663024  0.64720394 -0.23666856 -0.09325716]
 [-0.73355096  0.23666856 -0.26644904 -0.23666856  1.          0.        ]
 [ 0.27611332 -0.25674284 -0.27611332 -0.09325716  0.          0.35      ]]

elemento 104, fe =2.772362e+07
[[ 0.53957787  0.12611472 -0.17268886  0.11964551 -0.36688902 -0.24576023]
 [ 0.12611472  0.25312671  0.1493738   0.10659363 -0.27548852 -0.35972034]
 [-0.17268886  0.1493738   0.28457325 -0.15261099 -0.11188439  0.00323718]
 [ 0.11964551  0.10659363 -0.15261099  0.53368603  0.03296548 -0.64027966]
 [-0.36688902 -0.27548852 -0.11188439  0.03296548  0.47877341  0.24252304]
 [-0.24576023 -0.35972034  0.00323718 -0.64027966  0.24252304  1.        ]]

elemento 105, fe =1.946365e+07
[[ 0.99855021  0.07687137 -0.32277921  0.22650174 -0.675771   -0.30337311]
 [ 0.07687137  0.3618443   0.2688461  -0.02895092 -0.34571748 -0.33289338]
 [-0.32277921  0.2688461   0.35572845 -0.18750516 -0.03294924 -0.08134094]
 [ 0.22650174 -0.02895092 -0.18750516  0.69605754 -0.03899658 -0.66710662]
 [-0.675771   -0.34571748 -0.03294924 -0.03899658  0.70872024  0.38471405]
 [-0.30337311 -0.33289338 -0.08134094 -0.66710662  0.38471405  1.        ]]

elemento 106, fe =1.852423e+07
[[ 0.92084527  0.15907096 -0.64390178  0.14105016 -0.27694349 -0.30012112]
 [ 0.15907096  0.38085204  0.18554194 -0.05879692 -0.3446129  -0.32205511]
 [-0.64390178  0.18554194  0.75120334 -0.35813603 -0.10730156  0.17259409]
 [ 0.14105016 -0.05879692 -0.35813603  0.73674181  0.21708587 -0.67794489]
 [-0.27694349 -0.3446129  -0.10730156  0.21708587  0.38424505  0.12752703]
 [-0.30012112 -0.32205511  0.17259409 -0.67794489  0.12752703  1.        ]]

elemento 107, fe =2.034523e+07
[[ 0.7074396  -0.27440958 -0.01628379  0.17251843 -0.6911558   0.10189115]
 [-0.27440958  0.50644951  0.21302798 -0.43591639  0.0613816  -0.07053312]
 [-0.01628379  0.21302798  0.32512799  0.1172398  -0.3088442  -0.33026777]
 [ 0.17251843 -0.43591639  0.1172398   0.82884146 -0.28975823 -0.39292507]
 [-0.6911558   0.0613816  -0.3088442  -0.28975823  1.          0.22837663]
 [ 0.10189115 -0.07053312 -0.33026777 -0.39292507  0.22837663  0.46345819]]

elemento 108, fe =2.057477e+07
[[ 0.24816424  0.03428871 -0.09480607 -0.28513235 -0.15335817  0.25084365]
 [ 0.03428871  0.69904021 -0.24507476 -0.11761617  0.21078605 -0.58142404]
 [-0.09480607 -0.24507476  0.94144789  0.07247547 -0.84664183  0.17259929]
 [-0.28513235 -0.11761617  0.07247547  0.34115216  0.21265689 -0.22353598]
 [-0.15335817  0.21078605 -0.84664183  0.21265689  1.         -0.42344294]
 [ 0.25084365 -0.58142404  0.17259929 -0.22353598 -0.42344294  0.80496002]]

elemento 109, fe =1.881232e+07
[[ 0.72257769 -0.32849461 -0.08878313  0.17832317 -0.63379456  0.15017144]
 [-0.32849461  0.65019482  0.22213359 -0.61764502  0.10636102 -0.0325498 ]
 [-0.08878313  0.22213359  0.38278499  0.12481565 -0.29400186 -0.34694924]
 [ 0.17832317 -0.61764502  0.12481565  1.         -0.30313882 -0.38235498]
 [-0.63379456  0.10636102 -0.29400186 -0.30313882  0.92779641  0.1967778 ]
 [ 0.15017144 -0.0325498  -0.34694924 -0.38235498  0.1967778   0.41490478]]

elemento 110, fe =1.869032e+07
[[ 0.83843272  0.32541686 -0.75246505 -0.11125422 -0.08596767 -0.21416264]
 [ 0.32541686  0.60067299 -0.06715781 -0.07698068 -0.25825905 -0.52369231]
 [-0.75246505 -0.06715781  1.         -0.22800642 -0.24753495  0.29516423]
 [-0.11125422 -0.07698068 -0.22800642  0.46307243  0.33926064 -0.38609175]
 [-0.08596767 -0.25825905 -0.24753495  0.33926064  0.33350262 -0.08100159]
 [-0.21416264 -0.52369231  0.29516423 -0.38609175 -0.08100159  0.90978406]]

elemento 111, fe =3.385160e+07
[[ 0.23306368 -0.1120278  -0.15446366 -0.01454442 -0.07860001  0.12657223]
 [-0.1120278   0.51518312  0.00980231 -0.65741634  0.10222549  0.14223322]
 [-0.15446366  0.00980231  0.45844081  0.22350373 -0.30397714 -0.23330604]
 [-0.01454442 -0.65741634  0.22350373  1.         -0.20895931 -0.34258366]
 [-0.07860001  0.10222549 -0.30397714 -0.20895931  0.38257716  0.10673381]
 [ 0.12657223  0.14223322 -0.23330604 -0.34258366  0.10673381  0.20035044]]

elemento 112, fe =1.894759e+07
[[ 0.69470831  0.37208784 -0.65560787 -0.31003875 -0.03910044 -0.06204909]
 [ 0.37208784  0.92040954 -0.26654108 -0.23957388 -0.10554676 -0.68083566]
 [-0.65560787 -0.26654108  1.          0.00852507 -0.34439213  0.25801601]
 [-0.31003875 -0.23957388  0.00852507  0.35015095  0.30151368 -0.11057707]
 [-0.03910044 -0.10554676 -0.34439213  0.30151368  0.38349257 -0.19596692]
 [-0.06204909 -0.68083566  0.25801601 -0.11057707 -0.19596692  0.79141273]]

elemento 113, fe =2.089044e+07
[[ 1.          0.15735478 -0.63672763  0.1257765  -0.36327237 -0.28313128]
 [ 0.15735478  0.40252616  0.1652288  -0.08868333 -0.32258358 -0.31384284]
 [-0.63672763  0.1652288   0.62332981 -0.28337504  0.01339783  0.11814624]
 [ 0.1257765  -0.08868333 -0.28337504  0.56088891  0.15759854 -0.47220558]
 [-0.36327237 -0.32258358  0.01339783  0.15759854  0.34987454  0.16498504]
 [-0.28313128 -0.31384284  0.11814624 -0.47220558  0.16498504  0.78604842]]

elemento 114, fe =2.201855e+07
[[ 0.5729939   0.2034329  -0.48181071 -0.0041122  -0.09118319 -0.19932071]
 [ 0.2034329   0.37071125  0.03331877  0.047093   -0.23675168 -0.41780426]
 [-0.48181071  0.03331877  0.74746417 -0.28993476 -0.26565347  0.25661599]
 [-0.0041122   0.047093   -0.28993476  0.53510274  0.29404696 -0.58219574]
 [-0.09118319 -0.23675168 -0.26565347  0.29404696  0.35683666 -0.05729528]
 [-0.19932071 -0.41780426  0.25661599 -0.58219574 -0.05729528  1.        ]]

elemento 115, fe =2.690974e+07
[[ 0.24071976 -0.11801017  0.09002841 -0.1492832  -0.33074817  0.26729337]
 [-0.11801017  0.52218032 -0.11865578 -0.21010445  0.23666595 -0.31207587]
 [ 0.09002841 -0.11865578  0.57922342  0.18374949 -0.66925183 -0.0650937 ]
 [-0.1492832  -0.21010445  0.18374949  0.33603199 -0.03446628 -0.12592754]
 [-0.33074817  0.23666595 -0.66925183 -0.03446628  1.         -0.20219967]
 [ 0.26729337 -0.31207587 -0.0650937  -0.12592754 -0.20219967  0.4380034 ]]

elemento 116, fe =2.566553e+07
[[ 0.26223208 -0.10607849  0.08108303 -0.19007916 -0.34331511  0.29615765]
 [-0.10607849  0.6429198  -0.15796699 -0.15193872  0.26404548 -0.49098109]
 [ 0.08108303 -0.15796699  0.57560187  0.12522626 -0.65668489  0.03274073]
 [-0.19007916 -0.15193872  0.12522626  0.2604558   0.0648529  -0.10851708]
 [-0.34331511  0.26404548 -0.65668489  0.0648529   1.         -0.32889838]
 [ 0.29615765 -0.49098109  0.03274073 -0.10851708 -0.32889838  0.59949817]]

elemento 117, fe =1.891126e+07
[[ 0.98566911  0.38770672 -0.84838901 -0.15774736 -0.1372801  -0.22995935]
 [ 0.38770672  0.718034   -0.11416614 -0.15518431 -0.27354058 -0.56284969]
 [-0.84838901 -0.11416614  1.         -0.15930122 -0.15161099  0.27346736]
 [-0.15774736 -0.15518431 -0.15930122  0.40386301  0.31704858 -0.2486787 ]
 [-0.1372801  -0.27354058 -0.15161099  0.31704858  0.28889109 -0.043508  ]
 [-0.22995935 -0.56284969  0.27346736 -0.2486787  -0.043508    0.81152838]]

elemento 118, fe =1.856265e+07
[[ 1.          0.12752703 -0.61044164  0.18066636 -0.38955836 -0.30819339]
 [ 0.12752703  0.38424505  0.22506604 -0.08168088 -0.35259307 -0.30256417]
 [-0.61044164  0.22506604  0.64862543 -0.33039323 -0.03818379  0.10532719]
 [ 0.18066636 -0.08168088 -0.33039323  0.73561962  0.14972687 -0.65393874]
 [-0.38955836 -0.35259307 -0.03818379  0.14972687  0.42774214  0.2028662 ]
 [-0.30819339 -0.30256417  0.10532719 -0.65393874  0.2028662   0.95650291]]

elemento 119, fe =2.039395e+07
[[ 0.72993944 -0.29943071 -0.16845355  0.22361481 -0.56148589  0.0758159 ]
 [-0.29943071  0.56189173  0.26402757 -0.57727371  0.03540314  0.01538198]
 [-0.16845355  0.26402757  0.35211605  0.03190575 -0.1836625  -0.29593333]
 [ 0.22361481 -0.57727371  0.03190575  1.         -0.25552056 -0.42272629]
 [-0.56148589  0.03540314 -0.1836625  -0.25552056  0.74514839  0.22011743]
 [ 0.0758159   0.01538198 -0.29593333 -0.42272629  0.22011743  0.40734431]]

elemento 120, fe =2.123550e+07
[[ 0.37019299 -0.09820511 -0.0490224  -0.22731024 -0.32117059  0.32551535]
 [-0.09820511  1.         -0.18849902 -0.41041248  0.28670413 -0.58958752]
 [-0.0490224  -0.18849902  0.57615009  0.20790466 -0.52712769 -0.01940564]
 [-0.22731024 -0.41041248  0.20790466  0.37932193  0.01940558  0.03109055]
 [-0.32117059  0.28670413 -0.52712769  0.01940558  0.84829828 -0.30610971]
 [ 0.32551535 -0.58958752 -0.01940564  0.03109055 -0.30610971  0.55849697]]

elemento 121, fe =1.973935e+07
[[ 1.         -0.12881506 -0.47140889  0.30367556 -0.52859111 -0.1748605 ]
 [-0.12881506  0.38495026  0.34542849 -0.32668596 -0.21661344 -0.0582643 ]
 [-0.47140889  0.34542849  0.46628941 -0.24592832  0.00511948 -0.09950017]
 [ 0.30367556 -0.32668596 -0.24592832  0.91125221 -0.05774723 -0.58456625]
 [-0.52859111 -0.21661344  0.00511948 -0.05774723  0.52347163  0.27436067]
 [-0.1748605  -0.0582643  -0.09950017 -0.58456625  0.27436067  0.64283056]]

elemento 122, fe =1.872488e+07
[[ 0.99835551 -0.2220246  -0.36346356  0.32042929 -0.63489195 -0.09840469]
 [-0.2220246   0.45656056  0.3644443  -0.43050627 -0.1424197  -0.02605429]
 [-0.36346356  0.3644443   0.40399503 -0.15949204 -0.04053147 -0.20495226]
 [ 0.32042929 -0.43050627 -0.15949204  1.         -0.16093725 -0.56949373]
 [-0.63489195 -0.1424197  -0.04053147 -0.16093725  0.67542342  0.30335695]
 [-0.09840469 -0.02605429 -0.20495226 -0.56949373  0.30335695  0.59554802]]

elemento 123, fe =2.154084e+07
[[ 0.79654367 -0.29455458 -0.2895145   0.27184399 -0.50702917  0.02271058]
 [-0.29455458  0.53889288  0.31010508 -0.57788007 -0.0155505   0.03898719]
 [-0.2895145   0.31010508  0.36252394 -0.07745917 -0.07300944 -0.23264591]
 [ 0.27184399 -0.57788007 -0.07745917  1.         -0.19438483 -0.42211993]
 [-0.50702917 -0.0155505  -0.07300944 -0.19438483  0.58003861  0.20993533]
 [ 0.02271058  0.03898719 -0.23264591 -0.42211993  0.20993533  0.38313274]]

elemento 124, fe =2.574082e+07
[[ 0.50443819  0.13232633 -0.29622021  0.08914278 -0.20821798 -0.22146912]
 [ 0.13232633  0.25330639  0.12116102  0.07802867 -0.25348736 -0.33133507]
 [-0.29622021  0.12116102  0.4584702  -0.2437641  -0.16224999  0.12260307]
 [ 0.08914278  0.07802867 -0.2437641   0.59063626  0.15462131 -0.66866493]
 [-0.20821798 -0.25348736 -0.16224999  0.15462131  0.37046797  0.09886604]
 [-0.22146912 -0.33133507  0.12260307 -0.66866493  0.09886604  1.        ]]

elemento 125, fe =2.109929e+07
[[ 0.8637379  -0.30852248 -0.32847269  0.29070003 -0.53526521  0.01782245]
 [-0.30852248  0.56243832  0.32976181 -0.59061253 -0.02123933  0.0281742 ]
 [-0.32847269  0.32976181  0.37223036 -0.10299807 -0.04375768 -0.22676374]
 [ 0.29070003 -0.59061253 -0.10299807  1.         -0.18770196 -0.40938747]
 [-0.53526521 -0.02123933 -0.04375768 -0.18770196  0.57902289  0.2089413 ]
 [ 0.01782245  0.0281742  -0.22676374 -0.40938747  0.2089413   0.38121327]]

elemento 126, fe =2.344259e+07
[[ 5.57518013e-01 -3.01805556e-01 -1.88494246e-01  1.23348178e-01
  -3.69023767e-01  1.78457379e-01]
 [-3.01805556e-01  7.75089551e-01  1.58505374e-01 -7.75915956e-01
   1.43300183e-01  8.26405061e-04]
 [-1.88494246e-01  1.58505374e-01  3.74111788e-01  1.07227466e-01
  -1.85617543e-01 -2.65732840e-01]
 [ 1.23348178e-01 -7.75915956e-01  1.07227466e-01  1.00000000e+00
  -2.30575644e-01 -2.24084044e-01]
 [-3.69023767e-01  1.43300183e-01 -1.85617543e-01 -2.30575644e-01
   5.54641310e-01  8.72754613e-02]
 [ 1.78457379e-01  8.26405061e-04 -2.65732840e-01 -2.24084044e-01
   8.72754613e-02  2.23257639e-01]]

elemento 127, fe =2.068847e+07
[[ 0.2521275  -0.06236838 -0.07908328 -0.23156172 -0.17304422  0.2939301 ]
 [-0.06236838  0.68650828 -0.19172427 -0.48140507  0.25409264 -0.20510321]
 [-0.07908328 -0.19172427  0.90603906  0.35689494 -0.82695578 -0.16517067]
 [-0.23156172 -0.48140507  0.35689494  0.66122151 -0.12533322 -0.17981644]
 [-0.17304422  0.25409264 -0.82695578 -0.12533322  1.         -0.12875942]
 [ 0.2939301  -0.20510321 -0.16517067 -0.17981644 -0.12875942  0.38491965]]

elemento 128, fe =2.237212e+07
[[ 0.71700093 -0.27767957 -0.25542296  0.25032989 -0.46157797  0.02734968]
 [-0.27767957  0.51229759  0.2871693  -0.56771264 -0.00948974  0.05541505]
 [-0.25542296  0.2871693   0.35598397 -0.05361242 -0.10056101 -0.23355688]
 [ 0.25032989 -0.56771264 -0.05361242  1.         -0.19671746 -0.43228736]
 [-0.46157797 -0.00948974 -0.10056101 -0.19671746  0.56213899  0.2062072 ]
 [ 0.02734968  0.05541505 -0.23355688 -0.43228736  0.2062072   0.37687231]]

elemento 129, fe =1.787020e+07
[[ 0.98314378  0.30526041 -0.76316322 -0.01271296 -0.21998055 -0.29254746]
 [ 0.30526041  0.55983644  0.03340717 -0.04793099 -0.33866758 -0.51190545]
 [-0.76316322  0.03340717  0.89529871 -0.29404887 -0.13213549  0.2606417 ]
 [-0.01271296 -0.04793099 -0.29404887  0.53602555  0.30676183 -0.48809455]
 [-0.21998055 -0.33866758 -0.13213549  0.30676183  0.35211605  0.03190575]
 [-0.29254746 -0.51190545  0.2606417  -0.48809455  0.03190575  1.        ]]

elemento 130, fe =2.388007e+07
[[ 1.         -0.06781593 -0.59259425  0.24555016 -0.40740575 -0.17773423]
 [-0.06781593  0.35958844  0.28006329 -0.27628462 -0.21224736 -0.08330383]
 [-0.59259425  0.28006329  0.51792976 -0.27635162  0.07466449 -0.00371167]
 [ 0.24555016 -0.27628462 -0.27635162  0.67603675  0.03080146 -0.39975213]
 [-0.40740575 -0.21224736  0.07466449  0.03080146  0.33274125  0.1814459 ]
 [-0.17773423 -0.08330383 -0.00371167 -0.39975213  0.1814459   0.48305596]]

elemento 131, fe =1.968048e+07
[[ 0.41433671  0.17372974 -0.33472615 -0.33715874 -0.07961056  0.163429  ]
 [ 0.17372974  1.         -0.29528092 -0.33376168  0.12155118 -0.66623832]
 [-0.33472615 -0.29528092  0.86298625  0.14907613 -0.5282601   0.14620479]
 [-0.33715874 -0.33376168  0.14907613  0.35692215  0.18808261 -0.02316047]
 [-0.07961056  0.12155118 -0.5282601   0.18808261  0.60787067 -0.30963379]
 [ 0.163429   -0.66623832  0.14620479 -0.02316047 -0.30963379  0.68939879]]

elemento 132, fe =1.856265e+07
[[ 1.         -0.12752703 -0.38955835  0.30819339 -0.61044165 -0.18066636]
 [-0.12752703  0.38424505  0.35259307 -0.30256417 -0.22506604 -0.08168088]
 [-0.38955835  0.35259307  0.42774214 -0.2028662  -0.03818379 -0.14972687]
 [ 0.30819339 -0.30256417 -0.2028662   0.95650291 -0.10532719 -0.65393874]
 [-0.61044165 -0.22506604 -0.03818379 -0.10532719  0.64862544  0.33039323]
 [-0.18066636 -0.08168088 -0.14972687 -0.65393874  0.33039323  0.73561962]]

elemento 133, fe =1.913905e+07
[[ 0.87277313 -0.25912862 -0.22448568  0.28062366 -0.64828745 -0.02149505]
 [-0.25912862  0.47902635  0.32368619 -0.46841537 -0.06455757 -0.01061097]
 [-0.22448568  0.32368619  0.35519792 -0.04997514 -0.13071225 -0.27371105]
 [ 0.28062366 -0.46841537 -0.04997514  1.         -0.23064852 -0.53158463]
 [-0.64828745 -0.06455757 -0.13071225 -0.23064852  0.7789997   0.29520609]
 [-0.02149505 -0.01061097 -0.27371105 -0.53158463  0.29520609  0.5421956 ]]

elemento 134, fe =3.001905e+07
[[ 0.23399591  0.12780604 -0.15121439 -0.11543608 -0.08278152 -0.01236996]
 [ 0.12780604  0.40665144 -0.08798098  0.14209432 -0.03982506 -0.54874576]
 [-0.15121439 -0.08798098  0.54870755 -0.16824462 -0.39749316  0.2562256 ]
 [-0.11543608  0.14209432 -0.16824462  0.30915992  0.2836807  -0.45125424]
 [-0.08278152 -0.03982506 -0.39749316  0.2836807   0.48027468 -0.24385564]
 [-0.01236996 -0.54874576  0.2562256  -0.45125424 -0.24385564  1.        ]]

elemento 135, fe =2.271985e+07
[[ 0.28032569  0.13261209 -0.1897572  -0.22777614 -0.09056849  0.09516405]
 [ 0.13261209  0.62817036 -0.19150056  0.0381193   0.05888847 -0.66628965]
 [-0.1897572  -0.19150056  0.78564418 -0.08784477 -0.59588698  0.27934533]
 [-0.22777614  0.0381193  -0.08784477  0.29559105  0.31562091 -0.33371035]
 [-0.09056849  0.05888847 -0.59588698  0.31562091  0.68645548 -0.37450938]
 [ 0.09516405 -0.66628965  0.27934533 -0.33371035 -0.37450938  1.        ]]

elemento 136, fe =2.267812e+07
[[ 0.70750025  0.04756768 -0.15818095  0.20564315 -0.54931929 -0.25321083]
 [ 0.04756768  0.25429244  0.24198549  0.00911836 -0.28955317 -0.2634108 ]
 [-0.15818095  0.24198549  0.29671849 -0.12002898 -0.13853753 -0.1219565 ]
 [ 0.20564315  0.00911836 -0.12002898  0.72747084 -0.08561416 -0.7365892 ]
 [-0.54931929 -0.28955317 -0.13853753 -0.08561416  0.68785683  0.37516733]
 [-0.25321083 -0.2634108  -0.1219565  -0.7365892   0.37516733  1.        ]]

elemento 137, fe =1.915961e+07
[[ 0.34332517  0.11194888 -0.29029062 -0.34118799 -0.05303455  0.22923911]
 [ 0.11194888  0.89691387 -0.29817167 -0.37965087  0.18622279 -0.517263  ]
 [-0.29029062 -0.29817167  1.          0.21452324 -0.70970938  0.08364843]
 [-0.34118799 -0.37965087  0.21452324  0.4495318   0.12666475 -0.06988093]
 [-0.05303455  0.18622279 -0.70970938  0.12666475  0.76274393 -0.31288754]
 [ 0.22923911 -0.517263    0.08364843 -0.06988093 -0.31288754  0.58714393]]

elemento 138, fe =1.794063e+07
[[ 0.90500912  0.45614729 -0.71950422 -0.26684749 -0.1855049  -0.18929979]
 [ 0.45614729  1.         -0.22090844 -0.16985449 -0.23523885 -0.83014551]
 [-0.71950422 -0.22090844  0.89849028 -0.06508382 -0.17898606  0.28599226]
 [-0.26684749 -0.16985449 -0.06508382  0.32430612  0.33193132 -0.15445163]
 [-0.1855049  -0.23523885 -0.17898606  0.33193132  0.36449096 -0.09669247]
 [-0.18929979 -0.83014551  0.28599226 -0.15445163 -0.09669247  0.98459714]]

elemento 139, fe =2.271535e+07
[[ 0.54859844  0.24942369 -0.60357013 -0.16018691  0.05497169 -0.08923677]
 [ 0.24942369  0.49371978 -0.12390414 -0.09779535 -0.12551955 -0.39592443]
 [-0.60357013 -0.12390414  1.         -0.14209813 -0.39642987  0.26600227]
 [-0.16018691 -0.09779535 -0.14209813  0.39266296  0.30228505 -0.29486761]
 [ 0.05497169 -0.12551955 -0.39642987  0.30228505  0.34145818 -0.1767655 ]
 [-0.08923677 -0.39592443  0.26600227 -0.29486761 -0.1767655   0.69079204]]

elemento 140, fe =1.897801e+07
[[ 0.36421152 -0.08248514 -0.13421118 -0.24849542 -0.23000035  0.33098056]
 [-0.08248514  1.         -0.20506748 -0.63405321  0.28755263 -0.36594679]
 [-0.13421118 -0.20506748  0.77441443  0.34252319 -0.64020325 -0.13745571]
 [-0.24849542 -0.63405321  0.34252319  0.66606149 -0.09402777 -0.03200828]
 [-0.23000035  0.28755263 -0.64020325 -0.09402777  0.8702036  -0.19352485]
 [ 0.33098056 -0.36594679 -0.13745571 -0.03200828 -0.19352485  0.39795507]]

elemento 141, fe =2.623595e+07
[[ 0.44348158 -0.23579479  0.10907985 -0.02234607 -0.55256143  0.25814086]
 [-0.23579479  0.57132677  0.00906792 -0.31044281  0.22672687 -0.26088397]
 [ 0.10907985  0.00906792  0.33835872  0.17663607 -0.44743857 -0.185704  ]
 [-0.02234607 -0.31044281  0.17663607  0.41050445 -0.15429    -0.10006164]
 [-0.55256143  0.22672687 -0.44743857 -0.15429     1.         -0.07243687]
 [ 0.25814086 -0.26088397 -0.185704   -0.10006164 -0.07243687  0.36094561]]

elemento 142, fe =2.005595e+07
[[ 0.41603397  0.22360884 -0.42381074 -0.30356871  0.00777676  0.07995987]
 [ 0.22360884  0.77498207 -0.26247488 -0.19311939  0.03886604 -0.58186268]
 [-0.42381074 -0.26247488  1.          0.03914707 -0.57618926  0.22332781]
 [-0.30356871 -0.19311939  0.03914707  0.35318692  0.26442164 -0.16006753]
 [ 0.00777676  0.03886604 -0.57618926  0.26442164  0.5684125  -0.30328768]
 [ 0.07995987 -0.58186268  0.22332781 -0.16006753 -0.30328768  0.74193021]]

elemento 143, fe =1.801991e+07
[[ 0.81265151 -0.39993598 -0.13281585  0.17459614 -0.67983566  0.22533984]
 [-0.39993598  0.85047758  0.22033308 -0.74673691  0.1796029  -0.10374067]
 [-0.13281585  0.22033308  0.38208459  0.12349268 -0.24926874 -0.34382576]
 [ 0.17459614 -0.74673691  0.12349268  1.         -0.29808882 -0.25326309]
 [-0.67983566  0.1796029  -0.24926874 -0.29808882  0.92910439  0.11848592]
 [ 0.22533984 -0.10374067 -0.34382576 -0.25326309  0.11848592  0.35700376]]

elemento 144, fe =2.051342e+07
[[ 0.90727217 -0.31166698 -0.33838903  0.29995016 -0.56888313  0.01171682]
 [-0.31166698  0.56734096  0.34012755 -0.58425144 -0.02846057  0.01691048]
 [-0.33838903  0.34012755  0.37529902 -0.10980935 -0.03690998 -0.2303182 ]
 [ 0.29995016 -0.58425144 -0.10980935  1.         -0.19014081 -0.41574856]
 [-0.56888313 -0.02846057 -0.03690998 -0.19014081  0.60579312  0.21860138]
 [ 0.01171682  0.01691048 -0.2303182  -0.41574856  0.21860138  0.39883808]]

elemento 145, fe =1.827883e+07
[[ 0.86596062  0.34356455 -0.7624545  -0.12232716 -0.10350612 -0.22123739]
 [ 0.34356455  0.63778269 -0.07723806 -0.0785519  -0.26632649 -0.55923079]
 [-0.7624545  -0.07723806  1.         -0.22103216 -0.2375455   0.29827022]
 [-0.12232716 -0.0785519  -0.22103216  0.45594552  0.34335932 -0.37739361]
 [-0.10350612 -0.26632649 -0.2375455   0.34335932  0.34105162 -0.07703283]
 [-0.22123739 -0.55923079  0.29827022 -0.37739361 -0.07703283  0.9366244 ]]

elemento 146, fe =2.137662e+07
[[ 0.41925811 -0.18007033  0.0090024  -0.17939634 -0.42826051  0.35946667]
 [-0.18007033  1.         -0.14084132 -0.42562851  0.32091165 -0.57437149]
 [ 0.0090024  -0.14084132  0.4965666   0.20639792 -0.505569   -0.0655566 ]
 [-0.17939634 -0.42562851  0.20639792  0.38926816 -0.02700158  0.03636035]
 [-0.42826051  0.32091165 -0.505569   -0.02700158  0.93382951 -0.29391007]
 [ 0.35946667 -0.57437149 -0.0655566   0.03636035 -0.29391007  0.53801114]]

elemento 147, fe =1.983317e+07
[[ 0.60520515 -0.332218   -0.09698755  0.02195548 -0.5082176   0.31026252]
 [-0.332218    1.          0.06351091 -0.77615836  0.26870709 -0.22384164]
 [-0.09698755  0.06351091  0.4150099   0.21411679 -0.31802235 -0.2776277 ]
 [ 0.02195548 -0.77615836  0.21411679  0.84418135 -0.23607227 -0.06802299]
 [-0.5082176   0.26870709 -0.31802235 -0.23607227  0.82623995 -0.03263483]
 [ 0.31026252 -0.22384164 -0.2776277  -0.06802299 -0.03263483  0.29186463]]

elemento 148, fe =2.016364e+07
[[ 1.         -0.32806209 -0.39987758  0.32385363 -0.60012242  0.00420845]
 [-0.32806209  0.59807455  0.364728   -0.60120846 -0.03666591  0.00313391]
 [-0.39987758  0.364728    0.39380195 -0.14615687  0.00607563 -0.21857113]
 [ 0.32385363 -0.60120846 -0.14615687  0.99544693 -0.17769677 -0.39423847]
 [-0.60012242 -0.03666591  0.00607563 -0.17769677  0.59404678  0.21436268]
 [ 0.00420845  0.00313391 -0.21857113 -0.39423847  0.21436268  0.39110457]]

elemento 149, fe =2.137073e+07
[[ 0.38284934 -0.20792477  0.03503353 -0.07602133 -0.41788286  0.2839461 ]
 [-0.20792477  0.68612689 -0.03745568 -0.50272748  0.24538046 -0.18339941]
 [ 0.03503353 -0.03745568  0.54708361  0.28673612 -0.58211714 -0.24928044]
 [-0.07602133 -0.50272748  0.28673612  0.67182641 -0.2107148  -0.16909893]
 [-0.41788286  0.24538046 -0.58211714 -0.2107148   1.         -0.03466566]
 [ 0.2839461  -0.18339941 -0.24928044 -0.16909893 -0.03466566  0.35249834]]

elemento 150, fe =1.799993e+07
[[ 0.83242167 -0.35544427 -0.11344874  0.21279715 -0.71897293  0.14264712]
 [-0.35544427  0.67832754  0.25858489 -0.62033474  0.09685938 -0.05799279]
 [-0.11344874  0.25858489  0.36806221  0.09291914 -0.25461347 -0.35150403]
 [ 0.21279715 -0.62033474  0.09291914  1.         -0.30571629 -0.37966526]
 [-0.71897293  0.09685938 -0.25461347 -0.30571629  0.9735864   0.20885691]
 [ 0.14264712 -0.05799279 -0.35150403 -0.37966526  0.20885691  0.43765805]]

elemento 151, fe =1.993282e+07
[[ 0.44542117  0.24280099 -0.45395244 -0.23477474  0.00853127 -0.00802625]
 [ 0.24280099  0.64497666 -0.19342706 -0.04878245 -0.04937393 -0.59619421]
 [-0.45395244 -0.19342706  1.         -0.10870103 -0.54604756  0.30212809]
 [-0.23477474 -0.04878245 -0.10870103  0.37478578  0.34347577 -0.32600333]
 [ 0.00853127 -0.04937393 -0.54604756  0.34347577  0.53751629 -0.29410184]
 [-0.00802625 -0.59619421  0.30212809 -0.32600333 -0.29410184  0.92219754]]

elemento 152, fe =2.301218e+07
[[ 0.82701689 -0.28460056 -0.02238079  0.1712539  -0.80463609  0.11334666]
 [-0.28460056  0.51807624  0.20706867 -0.34679258  0.07753189 -0.17128366]
 [-0.02238079  0.20706867  0.2177447   0.06469409 -0.19536391 -0.27176276]
 [ 0.1712539  -0.34679258  0.06469409  0.5787618  -0.23594799 -0.23196922]
 [-0.80463609  0.07753189 -0.19536391 -0.23594799  1.          0.1584161 ]
 [ 0.11334666 -0.17128366 -0.27176276 -0.23196922  0.1584161   0.40325287]]

elemento 153, fe =2.013251e+07
[[ 0.86212707 -0.26770802 -0.28635941  0.28795786 -0.57576766 -0.02024984]
 [-0.26770802  0.49096061  0.32889542 -0.50629729 -0.0611874   0.01533668]
 [-0.28635941  0.32889542  0.36726068 -0.09084869 -0.08090127 -0.23804673]
 [ 0.28795786 -0.50629729 -0.09084869  1.         -0.19710918 -0.49370271]
 [-0.57576766 -0.0611874  -0.08090127 -0.19710918  0.65666893  0.25829657]
 [-0.02024984  0.01533668 -0.23804673 -0.49370271  0.25829657  0.47836603]]

elemento 154, fe =2.068645e+07
[[ 0.77813783 -0.22060658 -0.24721601  0.27198442 -0.53092182 -0.05137784]
 [-0.22060658  0.41228302  0.31182574 -0.43595484 -0.09121916  0.02367183]
 [-0.24721601  0.31182574  0.36412848 -0.08224517 -0.11691247 -0.22958057]
 [ 0.27198442 -0.43595484 -0.08224517  1.         -0.18973925 -0.56404516]
 [-0.53092182 -0.09121916 -0.11691247 -0.18973925  0.64783429  0.28095841]
 [-0.05137784  0.02367183 -0.22958057 -0.56404516  0.28095841  0.54037333]]

elemento 155, fe =2.350608e+07
[[ 0.40483389 -0.22150471 -0.1193883   0.02741318 -0.28544558  0.19409153]
 [-0.22150471  0.69455907  0.06247542 -0.72280607  0.15902929  0.028247  ]
 [-0.1193883   0.06247542  0.46034689  0.22536986 -0.34095859 -0.28784528]
 [ 0.02741318 -0.72280607  0.22536986  1.         -0.25278305 -0.27719393]
 [-0.28544558  0.15902929 -0.34095859 -0.25278305  0.62640417  0.09375376]
 [ 0.19409153  0.028247   -0.28784528 -0.27719393  0.09375376  0.24894693]]

elemento 156, fe =1.779751e+07
[[ 1.         -0.039498   -0.41720285  0.29355058 -0.58279715 -0.25405258]
 [-0.039498    0.35324439  0.33985908 -0.19676007 -0.30036107 -0.15648432]
 [-0.41720285  0.33985908  0.4742849  -0.24552701 -0.05708205 -0.09433206]
 [ 0.29355058 -0.19676007 -0.24552701  0.9595091  -0.04802357 -0.76274903]
 [-0.58279715 -0.30036107 -0.05708205 -0.04802357  0.6398792   0.34838465]
 [-0.25405258 -0.15648432 -0.09433206 -0.76274903  0.34838465  0.91923335]]

elemento 157, fe =1.835090e+07
[[ 0.83783535  0.36240889 -0.7452804  -0.16486993 -0.09255496 -0.19753896]
 [ 0.36240889  0.69607655 -0.11995791 -0.09465624 -0.24245098 -0.60142031]
 [-0.7452804  -0.11995791  1.         -0.17919067 -0.2547196   0.29914859]
 [-0.16486993 -0.09465624 -0.17919067  0.41856357  0.3440606  -0.32390733]
 [-0.09255496 -0.24245098 -0.2547196   0.3440606   0.34727456 -0.10160963]
 [-0.19753896 -0.60142031  0.29914859 -0.32390733 -0.10160963  0.92532765]]

elemento 158, fe =2.259699e+07
[[ 0.34332029 -0.11624738  0.05301673 -0.22287456 -0.39633702  0.33912194]
 [-0.11624738  0.88944488 -0.18640174 -0.19608804  0.30264913 -0.69335684]
 [ 0.05301673 -0.18640174  0.55064624  0.12324553 -0.60366298  0.06315621]
 [-0.22287456 -0.19608804  0.12324553  0.25261574  0.09962903 -0.0565277 ]
 [-0.39633702  0.30264913 -0.60366298  0.09962903  1.         -0.40227815]
 [ 0.33912194 -0.69335684  0.06315621 -0.0565277  -0.40227815  0.74988454]]

elemento 159, fe =1.836333e+07
[[ 0.35079557 -0.01956867 -0.13726642 -0.30500613 -0.21352915  0.3245748 ]
 [-0.01956867  1.         -0.26012451 -0.4588992   0.27969318 -0.5411008 ]
 [-0.13726642 -0.26012451  0.85762886  0.2689775  -0.72036244 -0.00885299]
 [-0.30500613 -0.4588992   0.2689775   0.49259882  0.03602863 -0.03369961]
 [-0.21352915  0.27969318 -0.72036244  0.03602863  0.93389159 -0.3157218 ]
 [ 0.3245748  -0.5411008  -0.00885299 -0.03369961 -0.3157218   0.57480041]]

elemento 160, fe =2.273059e+07
[[ 0.69091747 -0.30281202 -0.24148781  0.22980348 -0.44942966  0.07300854]
 [-0.30281202  0.58574344  0.26606192 -0.63378941  0.0367501   0.04804597]
 [-0.24148781  0.26606192  0.35079557 -0.01956867 -0.10930776 -0.24649325]
 [ 0.22980348 -0.63378941 -0.01956867  1.         -0.21023481 -0.36621059]
 [-0.44942966  0.0367501  -0.10930776 -0.21023481  0.55873742  0.17348471]
 [ 0.07300854  0.04804597 -0.24649325 -0.36621059  0.17348471  0.31816462]]

elemento 161, fe =1.842999e+07
[[ 0.71896688  0.36580994 -0.61657062 -0.22646493 -0.10239626 -0.13934501]
 [ 0.36580994  0.81306881 -0.18174564 -0.08293543 -0.1840643  -0.73013338]
 [-0.61657062 -0.18174564  0.9181694  -0.11709141 -0.30159878  0.29883705]
 [-0.22646493 -0.08293543 -0.11709141  0.35280205  0.34355634 -0.26986662]
 [-0.10239626 -0.1840643  -0.30159878  0.34355634  0.40399503 -0.15949204]
 [-0.13934501 -0.73013338  0.29883705 -0.26986662 -0.15949204  1.        ]]

elemento 162, fe =1.865718e+07
[[ 0.66939973  0.34596797 -0.58306034 -0.22611056 -0.08633939 -0.11985741]
 [ 0.34596797  0.78901218 -0.18193584 -0.07080928 -0.16403213 -0.7182029 ]
 [-0.58306034 -0.18193584  0.91597906 -0.1179919  -0.33291872  0.29992774]
 [-0.22611056 -0.07080928 -0.1179919   0.35260638  0.34410246 -0.2817971 ]
 [-0.08633939 -0.16403213 -0.33291872  0.34410246  0.41925811 -0.18007033]
 [-0.11985741 -0.7182029   0.29992774 -0.2817971  -0.18007033  1.        ]]

elemento 163, fe =1.744154e+07
[[ 0.37889901  0.14041531 -0.25747295 -0.34577715 -0.12142606  0.20536184]
 [ 0.14041531  0.95821495 -0.29852353 -0.17832156  0.15810822 -0.77989339]
 [-0.25747295 -0.29852353  1.          0.06723345 -0.74252705  0.23129008]
 [-0.34577715 -0.17832156  0.06723345  0.35942381  0.2785437  -0.18110225]
 [-0.12142606  0.15810822 -0.74252705  0.2785437   0.86395311 -0.43665192]
 [ 0.20536184 -0.77989339  0.23129008 -0.18110225 -0.43665192  0.96099565]]

elemento 164, fe =2.062215e+07
[[ 0.8952848  -0.28442684 -0.34714544  0.30223337 -0.54813935 -0.01780653]
 [-0.28442684  0.52005806  0.34219894 -0.54446626 -0.0577721   0.0244082 ]
 [-0.34714544  0.34219894  0.38437435 -0.12776421 -0.0372289  -0.21443472]
 [ 0.30223337 -0.54446626 -0.12776421  1.         -0.17446915 -0.45553374]
 [-0.54813935 -0.0577721  -0.0372289  -0.17446915  0.58536826  0.23224125]
 [-0.01780653  0.0244082  -0.21443472 -0.45553374  0.23224125  0.43112554]]

elemento 165, fe =2.326274e+07
[[ 0.25208748 -0.11955808  0.0242411  -0.14542297 -0.27632858  0.26498105]
 [-0.11955808  0.56370973 -0.10999396 -0.39947359  0.22955204 -0.16423614]
 [ 0.0242411  -0.10999396  0.69943032  0.30715908 -0.72367142 -0.19716512]
 [-0.14542297 -0.39947359  0.30715908  0.5948259  -0.16173611 -0.19535231]
 [-0.27632858  0.22955204 -0.72367142 -0.16173611  1.         -0.06781593]
 [ 0.26498105 -0.16423614 -0.19716512 -0.19535231 -0.06781593  0.35958844]]

elemento 166, fe =2.204499e+07
[[ 0.38797698 -0.19313135  0.05053899 -0.1466362  -0.43851596  0.33976754]
 [-0.19313135  0.82786227 -0.10925011 -0.39464239  0.30238146 -0.43321988]
 [ 0.05053899 -0.10925011  0.51094505  0.22101123 -0.56148404 -0.11176113]
 [-0.1466362  -0.39464239  0.22101123  0.42449494 -0.07437504 -0.02985255]
 [-0.43851596  0.30238146 -0.56148404 -0.07437504  1.         -0.22800642]
 [ 0.33976754 -0.43321988 -0.11176113 -0.02985255 -0.22800642  0.46307243]]

elemento 167, fe =2.468622e+07
[[ 0.32737752 -0.17256133  0.08654202 -0.12344242 -0.41391954  0.29600376]
 [-0.17256133  0.64058299 -0.09005635 -0.3058046   0.26261769 -0.33477839]
 [ 0.08654202 -0.09005635  0.49953844  0.20686944 -0.58608046 -0.11681308]
 [-0.12344242 -0.3058046   0.20686944  0.38958979 -0.08342701 -0.08378518]
 [-0.41391954  0.26261769 -0.58608046 -0.08342701  1.         -0.17919067]
 [ 0.29600376 -0.33477839 -0.11681308 -0.08378518 -0.17919067  0.41856357]]

elemento 168, fe =2.502654e+07
[[ 0.4547332   0.23738796 -0.31612199 -0.11483817 -0.13861121 -0.1225498 ]
 [ 0.23738796  0.5516926  -0.0819061   0.08065195 -0.15548187 -0.63234455]
 [-0.31612199 -0.0819061   0.55365671 -0.15225686 -0.23753472  0.23416296]
 [-0.11483817  0.08065195 -0.15225686  0.28700351  0.26709503 -0.36765545]
 [-0.13861121 -0.15548187 -0.23753472  0.26709503  0.37614593 -0.11161316]
 [-0.1225498  -0.63234455  0.23416296 -0.36765545 -0.11161316  1.        ]]

elemento 169, fe =2.688959e+07
[[ 0.58324074 -0.16725544 -0.35015066  0.2550155  -0.23309008 -0.08776005]
 [-0.16725544  0.31165756  0.28566587 -0.42442341 -0.11841043  0.11276584]
 [-0.35015066  0.28566587  0.43571686 -0.19964984 -0.0855662  -0.08601602]
 [ 0.2550155  -0.42442341 -0.19964984  1.         -0.05536565 -0.57557659]
 [-0.23309008 -0.11841043 -0.0855662  -0.05536565  0.31865627  0.17377608]
 [-0.08776005  0.11276584 -0.08601602 -0.57557659  0.17377608  0.46281075]]

elemento 170, fe =2.663160e+07
[[ 1.          0.14966975 -0.66019386  0.07926294 -0.33980614 -0.22893269]
 [ 0.14966975  0.39742221  0.11021022 -0.13731515 -0.25987997 -0.26010706]
 [-0.66019386  0.11021022  0.56993876 -0.21039161  0.09025511  0.10018139]
 [ 0.07926294 -0.13731515 -0.21039161  0.38482568  0.13112867 -0.24751053]
 [-0.33980614 -0.25987997  0.09025511  0.13112867  0.24955103  0.1287513 ]
 [-0.22893269 -0.26010706  0.10018139 -0.24751053  0.1287513   0.50761759]]

elemento 171, fe =2.113452e+07
[[ 0.36252394 -0.07745917 -0.12763377 -0.22574714 -0.23489017  0.30320631]
 [-0.07745917  1.         -0.18675047 -0.57704135  0.26420964 -0.42295865]
 [-0.12763377 -0.18675047  0.63221759  0.28031162 -0.50458383 -0.09356115]
 [-0.22574714 -0.57704135  0.28031162  0.54588036 -0.05456448  0.031161  ]
 [-0.23489017  0.26420964 -0.50458383 -0.05456448  0.739474   -0.20964516]
 [ 0.30320631 -0.42295865 -0.09356115  0.031161   -0.20964516  0.39179765]]

elemento 172, fe =2.036911e+07
[[ 1.         -0.16348156 -0.55719717  0.32194802 -0.44280283 -0.15846646]
 [-0.16348156  0.40679489  0.36241007 -0.40526455 -0.19892851 -0.00153035]
 [-0.55719717  0.36241007  0.53967354 -0.29309571  0.01752362 -0.06931436]
 [ 0.32194802 -0.40526455 -0.29309571  0.96718081 -0.02885231 -0.56191626]
 [-0.44280283 -0.19892851  0.01752362 -0.02885231  0.42527921  0.22778081]
 [-0.15846646 -0.00153035 -0.06931436 -0.56191626  0.22778081  0.56344661]]

elemento 173, fe =2.395583e+07
[[ 0.6898567   0.25379354 -0.38592436  0.0068932  -0.30393234 -0.26068674]
 [ 0.25379354  0.46400839  0.04129717  0.08215984 -0.29509071 -0.54616823]
 [-0.38592436  0.04129717  0.4561038  -0.19475644 -0.07017945  0.15345927]
 [ 0.0068932   0.08215984 -0.19475644  0.37167193  0.18786324 -0.45383177]
 [-0.30393234 -0.29509071 -0.07017945  0.18786324  0.37411179  0.10722747]
 [-0.26068674 -0.54616823  0.15345927 -0.45383177  0.10722747  1.        ]]

elemento 174, fe =2.352131e+07
[[ 0.82589511 -0.27921131 -0.42274983  0.30492091 -0.40314527 -0.0257096 ]
 [-0.27921131  0.50832972  0.33996045 -0.58003621 -0.06074914  0.0717065 ]
 [-0.42274983  0.33996045  0.42451533 -0.18657819 -0.00176549 -0.15338227]
 [ 0.30492091 -0.58003621 -0.18657819  1.         -0.11834273 -0.41996379]
 [-0.40314527 -0.06074914 -0.00176549 -0.11834273  0.40491077  0.17909187]
 [-0.0257096   0.0717065  -0.15338227 -0.41996379  0.17909187  0.34825729]]

elemento 175, fe =1.820347e+07
[[ 0.45844081  0.22350373 -0.40858486 -0.35746632 -0.04985594  0.13396259]
 [ 0.22350373  1.         -0.31219056 -0.29526979  0.08868683 -0.70473021]
 [-0.40858486 -0.31219056  0.99015365  0.11410117 -0.58156879  0.19808939]
 [-0.35746632 -0.29526979  0.11410117  0.3741695   0.24336515 -0.07889971]
 [-0.04985594  0.08868683 -0.58156879  0.24336515  0.63142473 -0.33205198]
 [ 0.13396259 -0.70473021  0.19808939 -0.07889971 -0.33205198  0.78362991]]

elemento 176, fe =2.969797e+07
[[ 0.46180383 -0.22275291  0.13315847  0.0082242  -0.5949623   0.21452872]
 [-0.22275291  0.46348408  0.03597612 -0.22778581  0.18677679 -0.23569827]
 [ 0.13315847  0.03597612  0.27187924  0.14388694 -0.4050377  -0.17986306]
 [ 0.0082242  -0.22778581  0.14388694  0.34458588 -0.15211113 -0.11680007]
 [-0.5949623   0.18677679 -0.4050377  -0.15211113  1.         -0.03466566]
 [ 0.21452872 -0.23569827 -0.17986306 -0.11680007 -0.03466566  0.35249834]]

elemento 177, fe =1.771331e+07
[[ 0.37622507  0.11178017 -0.24167214 -0.34945446 -0.13455293  0.2376743 ]
 [ 0.11178017  1.         -0.30292583 -0.26910949  0.19114567 -0.73089051]
 [-0.24167214 -0.30292583  0.9608432   0.13358741 -0.71917106  0.16933843]
 [-0.34945446 -0.26910949  0.13358741  0.37550779  0.21586706 -0.1063983 ]
 [-0.13455293  0.19114567 -0.71917106  0.21586706  0.85372399 -0.40701273]
 [ 0.2376743  -0.73089051  0.16933843 -0.1063983  -0.40701273  0.83728881]]

elemento 178, fe =1.982188e+07
[[ 0.60961322 -0.25813641 -0.00333083  0.15279772 -0.60628238  0.10533869]
 [-0.25813641  0.49071427  0.19437681 -0.47805322  0.0637596  -0.01266104]
 [-0.00333083  0.19437681  0.39704845  0.16623045 -0.39371762 -0.36060726]
 [ 0.15279772 -0.47805322  0.16623045  0.95894863 -0.31902818 -0.4808954 ]
 [-0.60628238  0.0637596  -0.39371762 -0.31902818  1.          0.25526857]
 [ 0.10533869 -0.01266104 -0.36060726 -0.4808954   0.25526857  0.49355645]]

elemento 179, fe =2.928947e+07
[[ 0.27305706 -0.13251037  0.12968946 -0.16272511 -0.40274651  0.29523548]
 [-0.13251037  0.59828689 -0.13458613 -0.08453756  0.2670965  -0.51374933]
 [ 0.12968946 -0.13458613  0.46756403  0.08569253 -0.59725349  0.0488936 ]
 [-0.16272511 -0.08453756  0.08569253  0.19722796  0.07703258 -0.11269041]
 [-0.40274651  0.2670965  -0.59725349  0.07703258  1.         -0.34412908]
 [ 0.29523548 -0.51374933  0.0488936  -0.11269041 -0.34412908  0.62643974]]

elemento 180, fe =2.455319e+07
[[ 0.87001634 -0.26676427 -0.02605383  0.17224213 -0.84396251  0.09452214]
 [-0.26676427  0.49019589  0.20580909 -0.2925715   0.06095518 -0.19762439]
 [-0.02605383  0.20580909  0.18209132  0.04451155 -0.15603749 -0.25032064]
 [ 0.17224213 -0.2925715   0.04451155  0.49641727 -0.21675369 -0.20384577]
 [-0.84396251  0.06095518 -0.15603749 -0.21675369  1.          0.1557985 ]
 [ 0.09452214 -0.19762439 -0.25032064 -0.20384577  0.1557985   0.40147016]]

elemento 181, fe =1.980582e+07
[[ 0.7325388   0.30335982 -0.59380867 -0.08899134 -0.13873014 -0.21436848]
 [ 0.30335982  0.57130666 -0.04737852  0.00217306 -0.2559813  -0.57347972]
 [-0.59380867 -0.04737852  0.81229336 -0.22584409 -0.21848469  0.27322262]
 [-0.08899134  0.00217306 -0.22584409  0.42434722  0.31483543 -0.42652028]
 [-0.13873014 -0.2559813  -0.21848469  0.31483543  0.35721483 -0.05885413]
 [-0.21436848 -0.57347972  0.27322262 -0.42652028 -0.05885413  1.        ]]

elemento 182, fe =1.936085e+07
[[ 0.28175148  0.07112957 -0.16748815 -0.30931902 -0.11426333  0.23818945]
 [ 0.07112957  0.76549962 -0.26674982 -0.16489011  0.19562025 -0.6006095 ]
 [-0.16748815 -0.26674982  1.          0.08999115 -0.83251185  0.17675867]
 [-0.30931902 -0.16489011  0.08999115  0.36693415  0.21932787 -0.20204403]
 [-0.11426333  0.19562025 -0.83251185  0.21932787  0.94677518 -0.41494812]
 [ 0.23818945 -0.6006095   0.17675867 -0.20204403 -0.41494812  0.80265354]]

elemento 183, fe =2.264053e+07
[[ 0.61111725  0.32285868 -0.41647692 -0.17337009 -0.19464032 -0.14948859]
 [ 0.32285868  0.76997854 -0.13696741 -0.00548079 -0.18589127 -0.76449775]
 [-0.41647692 -0.13696741  0.58740734 -0.09883726 -0.17093042  0.23580467]
 [-0.17337009 -0.00548079 -0.09883726  0.24098304  0.27220735 -0.23550225]
 [-0.19464032 -0.18589127 -0.17093042  0.27220735  0.36557075 -0.08631608]
 [-0.14948859 -0.76449775  0.23580467 -0.23550225 -0.08631608  1.        ]]

elemento 184, fe =1.924785e+07
[[ 0.43571686 -0.19964984 -0.11859922 -0.12059586 -0.31711764  0.32024571]
 [-0.19964984  1.         -0.07777674 -0.80193737  0.27742659 -0.19806263]
 [-0.11859922 -0.07777674  0.62139559  0.3387254  -0.50279637 -0.26094866]
 [-0.12059586 -0.80193737  0.3387254   0.89979031 -0.21812954 -0.09785294]
 [-0.31711764  0.27742659 -0.50279637 -0.21812954  0.81991401 -0.05929705]
 [ 0.32024571 -0.19806263 -0.26094866 -0.09785294 -0.05929705  0.29591556]]

elemento 185, fe =1.971030e+07
[[ 0.94016475  0.26229315 -0.83389552 -0.01941659 -0.10626923 -0.24287655]
 [ 0.26229315  0.49235147  0.02239788 -0.12172669 -0.28469102 -0.37062477]
 [-0.83389552  0.02239788  1.         -0.28163067 -0.16610448  0.25923279]
 [-0.01941659 -0.12172669 -0.28163067  0.52726643  0.30104726 -0.40553973]
 [-0.10626923 -0.28469102 -0.16610448  0.30104726  0.27237371 -0.01635624]
 [-0.24287655 -0.37062477  0.25923279 -0.40553973 -0.01635624  0.77616451]]

elemento 186, fe =1.822839e+07
[[ 0.99957116  0.22372381 -0.69018516  0.09130758 -0.309386   -0.31503139]
 [ 0.22372381  0.45856557  0.13652144 -0.04339749 -0.36024525 -0.41516807]
 [-0.69018516  0.13652144  0.76288374 -0.32806015 -0.07269859  0.19153871]
 [ 0.09130758 -0.04339749 -0.32806015  0.62822942  0.23675257 -0.58483193]
 [-0.309386   -0.36024525 -0.07269859  0.23675257  0.38208459  0.12349268]
 [-0.31503139 -0.41516807  0.19153871 -0.58483193  0.12349268  1.        ]]

elemento 187, fe =1.990709e+07
[[ 0.79864863  0.33195833 -0.74744978 -0.15542132 -0.05119884 -0.17653701]
 [ 0.33195833  0.6260761  -0.11402019 -0.12131409 -0.21793813 -0.50476201]
 [-0.74744978 -0.11402019  1.         -0.16348156 -0.25255022  0.27750176]
 [-0.15542132 -0.12131409 -0.16348156  0.40679489  0.31890288 -0.2854808 ]
 [-0.05119884 -0.21793813 -0.25255022  0.31890288  0.30374906 -0.10096475]
 [-0.17653701 -0.50476201  0.27750176 -0.2854808  -0.10096475  0.79024281]]

elemento 188, fe =1.980627e+07
[[ 0.47952285 -0.2613993   0.00741272 -0.0583336  -0.48693557  0.31973291]
 [-0.2613993   0.84337121 -0.01672174 -0.59942034  0.27812104 -0.24395087]
 [ 0.00741272 -0.01672174  0.50565171  0.27448252 -0.51306443 -0.25776078]
 [-0.0583336  -0.59942034  0.27448252  0.71347153 -0.21614892 -0.11405118]
 [-0.48693557  0.27812104 -0.51306443 -0.21614892  1.         -0.06197212]
 [ 0.31973291 -0.24395087 -0.25776078 -0.11405118 -0.06197212  0.35800205]]

elemento 189, fe =1.999411e+07
[[ 0.83969968 -0.10545422 -0.39107715  0.289344   -0.44862253 -0.18388978]
 [-0.10545422  0.32176978  0.33056494 -0.28963177 -0.22511072 -0.03213801]
 [-0.39107715  0.33056494  0.46543372 -0.23026121 -0.07435658 -0.10030373]
 [ 0.289344   -0.28963177 -0.23026121  1.         -0.05908279 -0.71036823]
 [-0.44862253 -0.22511072 -0.07435658 -0.05908279  0.52297911  0.2841935 ]
 [-0.18388978 -0.03213801 -0.10030373 -0.71036823  0.2841935   0.74250624]]

elemento 190, fe =1.983071e+07
[[ 0.86938251  0.16499435 -0.525293    0.13303893 -0.34408951 -0.29803328]
 [ 0.16499435  0.37138464  0.17459952 -0.01143305 -0.33959387 -0.35995159]
 [-0.525293    0.17459952  0.59554019 -0.29890306 -0.07024719  0.12430354]
 [ 0.13303893 -0.01143305 -0.29890306  0.65148146  0.16586412 -0.64004841]
 [-0.34408951 -0.33959387 -0.07024719  0.16586412  0.41433671  0.17372974]
 [-0.29803328 -0.35995159  0.12430354 -0.64004841  0.17372974  1.        ]]

elemento 191, fe =1.800131e+07
[[ 0.95019128 -0.05888537 -0.38966549  0.29695399 -0.56052579 -0.23806862]
 [-0.05888537  0.34017043  0.3427382  -0.21610935 -0.28385283 -0.12406108]
 [-0.38966549  0.3427382   0.46864918 -0.23328923 -0.0789837  -0.10944897]
 [ 0.29695399 -0.21610935 -0.23328923  1.         -0.06366476 -0.78389065]
 [-0.56052579 -0.28385283 -0.0789837  -0.06366476  0.63950949  0.34751759]
 [-0.23806862 -0.12406108 -0.10944897 -0.78389065  0.34751759  0.90795172]]

elemento 192, fe =2.068514e+07
[[ 0.79645397 -0.21902667 -0.27151147  0.27894287 -0.5249425  -0.05991621]
 [-0.21902667  0.41286429  0.31878673 -0.43658869 -0.09976006  0.02372441]
 [-0.27151147  0.31878673  0.37161354 -0.10157168 -0.10010207 -0.21721505]
 [ 0.27894287 -0.43658869 -0.10157168  1.         -0.17737119 -0.56341131]
 [-0.5249425  -0.09976006 -0.10010207 -0.17737119  0.62504457  0.27713126]
 [-0.05991621  0.02372441 -0.21721505 -0.56341131  0.27713126  0.5396869 ]]

elemento 193, fe =2.188297e+07
[[ 0.27971517 -0.07645346  0.00511137 -0.23258507 -0.28482654  0.30903853]
 [-0.07645346  0.75270447 -0.19492218 -0.26419021  0.27137564 -0.48851426]
 [ 0.00511137 -0.19492218  0.71006208  0.18626645 -0.71517346  0.00865573]
 [-0.23258507 -0.26419021  0.18626645  0.35656156  0.04631861 -0.09237135]
 [-0.28482654  0.27137564 -0.71517346  0.04631861  1.         -0.31769425]
 [ 0.30903853 -0.48851426  0.00865573 -0.09237135 -0.31769425  0.58088561]]

elemento 194, fe =2.102957e+07
[[ 0.89039807 -0.19962542 -0.4420751   0.31207971 -0.44832297 -0.11245428]
 [-0.19962542  0.4088242   0.35127099 -0.44021612 -0.15164557  0.03139192]
 [-0.4420751   0.35127099  0.46098972 -0.22599505 -0.01891463 -0.12527594]
 [ 0.31207971 -0.44021612 -0.22599505  1.         -0.08608466 -0.55978388]
 [-0.44832297 -0.15164557 -0.01891463 -0.08608466  0.4672376   0.23773023]
 [-0.11245428  0.03139192 -0.12527594 -0.55978388  0.23773023  0.52839197]]

elemento 195, fe =1.851497e+07
[[ 0.93466768 -0.17738437 -0.12395316  0.27279368 -0.81071452 -0.09540931]
 [-0.17738437  0.39927328  0.31730769 -0.28104708 -0.13992332 -0.1182262 ]
 [-0.12395316  0.31730769  0.31323864 -0.01881021 -0.18928548 -0.29849748]
 [ 0.27279368 -0.28104708 -0.01881021  0.89261448 -0.25398347 -0.6115674 ]
 [-0.81071452 -0.13992332 -0.18928548 -0.25398347  1.          0.39390679]
 [-0.09540931 -0.1182262  -0.29849748 -0.6115674   0.39390679  0.7297936 ]]

elemento 196, fe =1.974042e+07
[[ 0.86867831  0.15920651 -0.52909579  0.13798628 -0.33958252 -0.29719279]
 [ 0.15920651  0.36642607  0.17973694 -0.01658391 -0.33894346 -0.34984216]
 [-0.52909579  0.17973694  0.60319094 -0.30406877 -0.07409515  0.12433183]
 [ 0.13798628 -0.01658391 -0.30406877  0.66674176  0.16608249 -0.65015784]
 [-0.33958252 -0.33894346 -0.07409515  0.16608249  0.41367768  0.17286097]
 [-0.29719279 -0.34984216  0.12433183 -0.65015784  0.17286097  1.        ]]

elemento 197, fe =1.769259e+07
[[ 0.36023162  0.08805729 -0.23755784 -0.35252349 -0.12267378  0.26446621]
 [ 0.08805729  0.98206326 -0.3059404  -0.34017929  0.21788311 -0.64188397]
 [-0.23755784 -0.3059404   1.          0.18978338 -0.76244216  0.11615702]
 [-0.35252349 -0.34017929  0.18978338  0.4271821   0.16274012 -0.08700281]
 [-0.12267378  0.21788311 -0.76244216  0.16274012  0.88511594 -0.38062323]
 [ 0.26446621 -0.64188397  0.11615702 -0.08700281 -0.38062323  0.72888678]]

elemento 198, fe =2.281499e+07
[[ 0.41797826 -0.20978429  0.06708161  0.0437303  -0.48505987  0.166054  ]
 [-0.20978429  0.45724048  0.0798546  -0.41615084  0.12992969 -0.04108964]
 [ 0.06708161  0.0798546   0.44785852  0.24461549 -0.51494013 -0.3244701 ]
 [ 0.0437303  -0.41615084  0.24461549  0.77831407 -0.28834579 -0.36216323]
 [-0.48505987  0.12992969 -0.51494013 -0.28834579  1.          0.1584161 ]
 [ 0.166054   -0.04108964 -0.3244701  -0.36216323  0.1584161   0.40325287]]

elemento 199, fe =2.423949e+07
[[ 0.40636896  0.22102172 -0.30313685 -0.15080378 -0.10323211 -0.07021793]
 [ 0.22102172  0.58002419 -0.11680242  0.0666374  -0.1042193  -0.64666158]
 [-0.30313685 -0.11680242  0.62442007 -0.1399937  -0.32128322  0.25679612]
 [-0.15080378  0.0666374  -0.1399937   0.28670102  0.29079748 -0.35333842]
 [-0.10323211 -0.1042193  -0.32128322  0.29079748  0.42451533 -0.18657819]
 [-0.07021793 -0.64666158  0.25679612 -0.35333842 -0.18657819  1.        ]]

elemento 200, fe =2.121773e+07
[[ 0.72974932  0.06567098 -0.33898208  0.19914622 -0.39076724 -0.2648172 ]
 [ 0.06567098  0.26776994  0.23798994 -0.03000313 -0.30366092 -0.23776681]
 [-0.33898208  0.23798994  0.44692846 -0.24327745 -0.10794638  0.00528751]
 [ 0.19914622 -0.03000313 -0.24327745  0.79223633  0.04413123 -0.76223319]
 [-0.39076724 -0.30366092 -0.10794638  0.04413123  0.49871362  0.25952969]
 [-0.2648172  -0.23776681  0.00528751 -0.76223319  0.25952969  1.        ]]

elemento 201, fe =1.984409e+07
[[ 0.81405924  0.38106369 -0.59984648 -0.1602655  -0.21421276 -0.22079819]
 [ 0.38106369  0.77130897 -0.11873295 -0.04342463 -0.26233074 -0.72788434]
 [-0.59984648 -0.11873295  0.73865529 -0.14018448 -0.13880881  0.25891743]
 [-0.1602655  -0.04342463 -0.14018448  0.3155403   0.30044998 -0.27211566]
 [-0.21421276 -0.26233074 -0.13880881  0.30044998  0.35302157 -0.03811924]
 [-0.22079819 -0.72788434  0.25891743 -0.27211566 -0.03811924  1.        ]]

elemento 202, fe =2.044123e+07
[[ 1.         -0.16826018 -0.3924179   0.29534826 -0.6075821  -0.12708809]
 [-0.16826018  0.4102486   0.33566755 -0.3441604  -0.16740737 -0.0660882 ]
 [-0.3924179   0.33566755  0.38158207 -0.18341683  0.01083583 -0.15225072]
 [ 0.29534826 -0.3441604  -0.18341683  0.84348038 -0.11193143 -0.49931998]
 [-0.6075821  -0.16740737  0.01083583 -0.11193143  0.59674628  0.2793388 ]
 [-0.12708809 -0.0660882  -0.15225072 -0.49931998  0.2793388   0.56540818]]

elemento 203, fe =4.124917e+07
[[ 0.24664347  0.12946881 -0.07218777 -0.00958627 -0.1744557  -0.11988254]
 [ 0.12946881  0.30433769  0.01039415  0.19410716 -0.13986296 -0.49844485]
 [-0.07218777  0.01039415  0.24773208 -0.1302767  -0.1755443   0.11988254]
 [-0.00958627  0.19410716 -0.1302767   0.30744799  0.13986296 -0.50155515]
 [-0.1744557  -0.13986296 -0.1755443   0.13986296  0.35        0.        ]
 [-0.11988254 -0.49844485  0.11988254 -0.50155515  0.          1.        ]]

Matriz Global, fe =9.945881e+07
[[0.18945029 0.04986979 0.         ... 0.         0.         0.        ]
 [0.04986979 0.20314369 0.         ... 0.         0.         0.        ]
 [0.         0.         0.1846636  ... 0.         0.         0.        ]
 ...
 [0.         0.         0.         ... 0.90872646 0.         0.        ]
 [0.         0.         0.         ... 0.         0.         0.        ]
 [0.         0.         0.         ... 0.         0.         0.        ]]
